1285  1123  
1215  1124  
1156  1119  
1097  1099  
1079  1074  
1299  804  
1315  828  
1329  857  
1343  906  
1350  965  
1394  1249  
1381  1242  
1382  1231  
1390  1215  
1412  1184  
1433  1159  
1459  1130  
1488  1102  
1517  1077  
1543  1057  
1585  1039  
1624  1030  
1669  1022  
1706  1015  
1735  1014  
1777  1024  
1808  1037  
1835  1052  
1853  1070  
1861  1088  
1858  1117  
1843  1136  
1815  1155  
1774  1171  
1725  1184  
1671  1192  
1578  1196  
1512  1196  
1444  1194  
1385  1190  
1344  1185  

