1307  1171  
1301  1164  
1493  850  
1506  853  
1512  869  
1513  907  
1511  966  
1507  1020  
1117  1302  
1139  1274  
1162  1247  
1201  1203  
1231  1167  
1265  1130  
1307  1094  
1350  1062  
1425  1024  
1484  1010  
1536  1008  
1586  1018  
1639  1031  
1687  1055  
1699  1075  
1700  1101  
1690  1130  
1667  1160  
1628  1185  
1540  1213  
1465  1225  
1384  1233  
1308  1239  
1241  1242  
1171  1238  
1143  1225  
1129  1198  
1289  842  
1310  852  
1325  886  
1330  945  
1319  1047  
1312  1091  
1309  1139  
1354  1244  
1346  1240  
1344  1233  
1345  1219  
1354  1186  
1364  1157  
1376  1123  
1391  1090  

