1308  627  
1308  635  
1308  642  
1308  651  
1308  660  
1307  668  
1307  681  
1307  688  
1307  696  
1307  705  
1308  713  
1309  725  
1311  732  
1312  737  
1317  739  
1305  1088  
1311  1077  
1318  1057  
1328  1042  
1339  1023  
1356  975  
1366  932  
1373  892  
1380  860  
1390  832  
1413  784  
1429  751  
1445  721  
1461  698  
1477  682  
1493  673  
1516  673  
1532  680  
1549  693  
1566  712  
1582  735  
1606  775  
1622  801  
1638  823  
1653  843  
1665  864  
1674  907  
1669  946  
1650  983  
1619  1011  
1583  1026  
1550  1034  
1486  1045  
1427  1055  
1368  1068  
1309  1079  
1245  1088  
1152  1098  
1088  1104  
1029  1110  
982  1117  
941  1121  
922  1119  
1292  520  
1294  534  
1296  552  
1297  577  
1298  607  
1299  642  
1299  684  
1302  760  
1305  809  

