1310  855  
1314  923  
1314  1004  
1314  1036  
1252  1068  
1257  1062  
1261  1055  
1266  1046  
1272  1036  
1280  1023  
1296  991  
1308  960  
1320  922  
1331  886  
1338  861  
1347  831  
1354  810  
1364  784  
1376  756  
1389  730  
1411  697  
1426  681  
1439  671  
1453  664  
1467  663  
1482  666  
1505  682  
1521  699  
1537  720  
1553  745  
1568  772  
1587  810  
1599  830  
1611  848  
1622  867  
1630  893  
1631  928  
1616  979  
1596  1003  
1576  1018  
1556  1027  
1532  1034  
1482  1044  
1436  1051  
1390  1058  
1349  1065  
1306  1069  
1241  1071  
1205  1071  
1178  1069  
1152  1065  
1130  1062  
1286  410  
1288  417  
1288  436  
1289  455  
1290  476  
1291  502  
1292  533  
1293  587  
1293  627  
1290  672  
1287  724  
1283  780  
1277  851  
1274  909  
1272  993  
1269  1034  
1250  1094  
1249  1091  
1250  1081  
1251  1074  
1254  1064  
1257  1053  
1261  1041  
1266  1025  
1279  988  

