1365  876  
1366  859  
1368  845  
1369  843  
1371  849  
1372  867  
1374  901  
1374  954  
1369  1029  
1368  1070  
1368  1112  
1369  1156  
1370  1177  
1821  1127  
1847  1125  
1855  1128  
1855  1134  
1845  1142  
1823  1154  
1769  1176  
1727  1188  
1682  1199  
1631  1208  
1579  1215  
1495  1219  
1438  1218  
1387  1211  
1346  1199  
1315  1182  
1285  1145  
1275  1116  
1274  1087  
1287  1059  
1315  1032  
1349  1001  
1402  960  
1453  943  
1502  934  
1535  935  
1562  948  
1599  985  
1613  1011  
1610  1032  
1592  1049  
1563  1065  
1493  1089  
1426  1103  
1355  1114  

