1427  662  
1429  676  
1427  719  
1427  756  
1433  791  
1445  821  
1456  853  
1459  913  
1454  971  
1443  1020  
1341  1171  
1336  1171  
1336  1162  
1340  1152  
1347  1139  
1356  1121  
1368  1101  
1382  1079  
1407  1047  
1427  1026  
1452  1006  
1480  987  
1505  969  
1538  945  
1565  932  
1604  923  
1650  925  
1686  935  
1718  957  
1731  974  
1741  992  
1748  1010  
1751  1027  
1749  1042  
1734  1064  
1715  1077  
1689  1087  
1655  1095  
1614  1102  
1545  1110  
1492  1115  
1433  1120  
1377  1125  
1328  1130  
1284  1133  
1227  1135  
1198  1135  
1176  1135  
1164  1135  
1160  1133  
1171  1124  
1372  921  
1373  881  
1375  867  
1375  857  
1373  851  
1372  851  
1372  859  
1373  877  
1376  910  
1378  956  
1377  1024  
1374  1057  
1860  1140  
1854  1140  
1842  1145  
1822  1151  
1799  1158  
1758  1168  
1728  1175  

