1308  881  
1307  862  
1313  841  
1322  830  
1334  819  
1349  809  
1368  796  
1380  789  
1653  716  
1653  714  
1653  714  
1652  715  
1652  720  
1652  719  
1208  1015  
1206  1014  
1205  1012  
1205  1011  
1205  1006  
1210  990  
1215  972  
1222  946  
1233  912  
1247  880  
1263  857  
1284  828  
1295  805  
1307  775  
1319  741  
1333  705  
1356  657  
1372  627  
1389  600  
1409  576  
1427  556  
1457  534  
1477  526  
1498  524  
1519  530  
1540  541  
1561  558  
1593  590  
1615  615  
1636  643  
1656  672  
1675  703  
1701  754  
1716  789  
1727  818  
1735  843  
1738  867  
1734  904  
1724  934  
1705  964  
1670  994  
1617  1014  
1566  1020  
1496  1024  
1436  1029  
1376  1038  
1315  1047  
1247  1050  
1155  1048  
1091  1049  
1033  1054  
986  1060  
943  1065  
890  1066  
869  1066  
857  1064  
855  1064  
1240  334  
1237  328  
1240  327  
1241  330  
1244  344  
1247  359  
1250  378  
1252  399  
1256  424  

