1054  1192  
1001  1195  
957  1198  
902  1199  
874  1198  
857  1196  
848  1193  
846  1193  
852  1190  
1616  567  
1620  571  
1624  579  
1633  618  
1637  660  
1635  713  
1628  771  
1613  823  
1574  899  
1547  967  
1522  1020  
1483  1057  
1429  1092  
1372  1128  
1287  1177  
1229  1200  
1172  1216  
1117  1223  
1068  1224  
1013  1216  
988  1206  
969  1192  
953  1170  
949  1155  
1518  480  
1522  480  
1522  481  
1676  432  
1680  433  
1687  442  
1699  458  
1713  480  
1726  506  
1738  537  
1754  591  
1761  632  

