818  867  
813  865  
1239  414  
1238  413  
1236  412  
1232  416  
1229  421  
1229  424  
1228  427  
1229  428  
1233  429  
1238  427  
1242  423  
1245  419  
1245  415  
1243  413  
1239  413  
1236  414  
1236  416  
1236  418  
1236  418  
1237  418  
1236  416  
1384  463  
1381  460  
1381  459  
1381  459  
1381  459  
1382  460  
1384  464  
1386  467  
1391  472  
1396  480  
1404  494  
1408  507  
1412  520  
1415  536  
1419  552  
1424  581  
1426  600  
1426  621  
1423  643  
1418  666  
1408  702  
1398  730  
1387  760  
1373  790  
1359  815  
1344  833  
1316  856  
1286  875  
1244  906  

