1656  667  
1658  674  
1692  737  
1689  735  
1691  737  
1691  739  
1694  743  
1699  749  
1707  765  
1713  779  
1719  794  
1725  809  
1730  824  
1734  839  
1739  865  
1740  889  
1740  924  
1738  964  
1732  1002  
1714  1049  
1697  1074  
1677  1099  
1655  1122  
1631  1145  
1588  1177  
1553  1194  
1512  1206  
1466  1213  
1422  1215  
1386  1212  
1345  1196  
1587  683  
1590  600  
1593  612  
1596  619  
1633  696  
1630  696  
1630  696  
1635  698  
1641  702  
1647  707  
1655  714  

