1595  592  
1593  593  
1582  591  
1572  595  
1561  600  
1548  605  
1534  609  
1520  612  
1499  612  
1486  608  
1474  603  
1462  597  
1452  589  
1439  576  
1432  567  
1425  557  
1419  549  
1413  542  
1406  533  
1402  530  
1400  529  
1399  529  
1399  531  
1401  537  
1406  552  
1411  564  
1416  577  
1422  592  
1427  608  
1431  634  
1432  654  
1432  675  
1430  698  
1426  722  
1416  763  
1404  789  
1390  812  
1373  830  
1356  845  
1335  857  
1281  882  
1233  910  
1193  941  
1158  962  
1113  977  
1040  1000  
999  1016  
952  1027  
898  1032  
854  1030  
809  1022  
797  1019  
1400  426  
1398  423  
1397  423  
1396  424  
1396  427  
1395  429  
1396  431  
1400  432  
1404  431  
1406  430  
1407  430  
1406  428  
1402  428  
1393  427  
1388  429  
1385  432  
1385  434  
1387  436  
1393  437  
1397  436  
1402  433  
1404  430  
1405  429  
1404  429  
1402  428  
1401  429  
1398  429  
1578  680  
1584  679  
1592  681  
1592  681  

