1603  773  
1602  772  
1603  772  
1606  774  
1612  781  
1619  787  
1628  794  
1639  802  
1651  813  
1664  824  
1684  845  
1697  862  
1708  884  
1717  915  
1722  955  
1725  1012  
1724  1040  
1719  1065  
1710  1089  
1697  1114  
1670  1155  
1649  1181  
1624  1207  
1598  1230  
1569  1252  
1538  1273  
1483  1299  
1442  1314  
1401  1325  
1362  1332  
1325  1335  
1276  1328  
1247  1315  
1222  1294  
1202  1269  
1188  1238  
1183  1203  
1495  649  
1494  654  
1499  659  
1509  666  
1510  667  
1619  757  
1618  759  
1619  759  
1621  762  

