1289  263  
1292  261  
1292  261  
1292  260  
1292  259  
1291  259  
1291  259  
1291  260  
1291  263  
1291  266  
1291  270  
1292  278  
1292  285  
1292  294  
1292  305  
1292  317  
1292  340  
1294  357  
1295  376  
1297  396  
1298  417  
1302  452  
1306  477  
1311  503  
1315  530  
1320  557  
1324  584  
1325  622  
1325  648  
1323  672  
1321  697  
1319  721  
1317  756  
1316  778  
1315  796  
1313  811  
1313  823  
1312  837  
1314  844  
1315  850  
1317  856  
1318  860  
1318  864  
1318  867  
1318  868  
1317  868  
1316  868  
1314  868  
1311  868  
1308  865  
1303  861  
1318  281  
1318  282  
1317  281  
1317  286  
1317  288  
1317  292  
1317  297  
1315  304  
1313  316  
1311  326  
1310  338  
1308  351  
1306  366  
1303  391  
1300  411  
1297  432  
1295  455  
1294  479  
1294  503  
1296  544  
1297  572  
1298  600  
1298  629  
1298  659  
1295  708  
1292  743  
1289  778  
1286  808  
1281  832  
1271  868  
1264  908  
1259  957  
1257  997  
1256  1023  
1258  1041  
1261  1060  
1262  1072  
1263  1082  
1263  1090  
1264  1096  
1262  1097  
1375  96  
1377  93  
1374  93  
1368  93  
1360  95  
1350  99  
1332  107  
1321  114  
1311  121  
1305  126  
1302  131  
1303  137  
1308  141  
1316  145  
1325  148  

