1472  884  
1441  883  
1425  879  
1629  621  
1625  615  
1626  615  
1629  620  
1634  630  
1637  647  
1640  668  
1648  708  
1654  737  
1661  767  
1669  795  
1677  820  
1693  852  
1702  872  
1709  893  
1714  917  
1717  940  
1717  966  
1713  982  
1704  997  
1685  1011  
1654  1019  
1609  1021  
1548  1017  
1511  1014  
1463  1014  
1411  1020  
1367  1028  
1305  1040  
1265  1040  
1233  1033  
1213  1021  
1424  748  
1413  751  
1393  761  
1382  771  
1375  780  
1375  789  
1390  801  
1407  806  
1426  810  
1445  815  
1459  821  
1466  834  
1457  844  
1440  855  
1422  867  
1406  878  
1646  557  
1645  553  

