1649  554  
1649  554  
1647  556  
1643  560  
1633  567  
1618  576  
1594  588  
1546  607  
1505  621  
1460  636  
1415  653  
1376  671  
1324  701  
1295  721  
1275  735  
1263  745  
1259  752  
1261  757  
1273  769  
1290  779  
1313  789  
1342  799  
1374  810  
1431  831  
1475  845  
1513  859  
1542  873  
1569  892  
1624  949  
1659  989  
1683  1018  
1695  1034  
1701  1047  
1703  1058  
1696  1074  
1683  1084  
1663  1092  
1636  1098  
1603  1101  
1544  1102  
1496  1102  
1440  1102  
1382  1103  
1325  1105  
1235  1107  
1174  1107  
1111  1108  
1050  1111  
999  1116  
956  1120  
906  1127  
886  1132  
878  1135  
878  1137  
1406  827  
1392  814  
1386  812  
1376  812  

