1532  560  
1531  569  
1527  579  
1518  589  
1496  605  
1476  613  
1453  619  
1430  623  
1410  625  
1391  620  
1542  447  
1541  455  
1540  466  
1539  480  
1539  508  
1540  530  
1541  555  
1543  582  
1546  611  
1547  656  
1543  688  
1534  721  
1517  758  
1490  793  
1451  821  
1382  850  
1335  862  
1271  875  
1203  900  
1148  925  
1064  938  
1023  935  
995  923  
967  904  
940  884  
921  866  
917  843  
928  827  
944  809  
963  787  
984  763  
1020  730  
1047  714  
1073  702  
1097  697  
1117  697  
1137  705  
1144  713  
1144  723  
1139  733  
1127  743  
1111  754  
1093  761  
1329  567  
1329  568  
1324  575  
1314  580  
1304  586  
1295  592  
1290  596  
1290  600  

