1876  1154  
1854  1163  
1832  1168  
1806  1172  
1775  1174  
1741  1175  
1685  1176  
1642  1177  
1598  1177  
1558  1176  
1522  1176  
1491  1176  
1454  1175  
1439  1174  
1430  1170  
1426  1164  
1180  868  
1172  868  
1160  873  
1147  881  
1113  898  
1083  913  
1058  929  
1041  946  
1031  964  
1027  989  
1031  1002  
1042  1012  
1061  1020  
1094  1027  
1155  1036  
1196  1041  
1244  1045  
1296  1045  
1342  1042  
1382  1040  
1448  1044  
1494  1051  
1531  1062  
1560  1075  
1587  1088  
1620  1105  
1634  1118  
1641  1130  
1642  1141  
1635  1151  
1610  1164  
1585  1172  
1553  1178  
1515  1183  
1470  1187  
1422  1189  
1351  1195  
1302  1199  
1253  1203  
1204  1207  
1156  1211  
1088  1218  
1052  1221  
1026  1224  
1009  1227  
1001  1227  
1837  1130  
1842  1131  
1847  1133  
1847  1135  
1847  1136  
1836  1140  

