704  1086  
664  1087  
1694  1045  
1694  1045  
1693  1042  
1686  1046  
1673  1051  
1653  1057  
1627  1062  
1599  1065  
1574  1066  
1541  1065  
1521  1062  
1501  1057  
1483  1050  
1467  1041  
1446  1023  
1434  1008  
1425  989  
1417  966  
1408  942  
1393  903  
1380  880  
1365  862  
1347  846  
1324  834  
1300  825  
1268  817  
1252  816  
1239  816  
1231  817  
1227  819  
1229  823  
1233  824  
1439  1030  
1439  1030  
1433  1027  
1415  1028  
1396  1030  
1373  1033  
1343  1038  
1302  1043  
1221  1043  
1170  1041  
1115  1041  
1060  1047  
1017  1054  
985  1061  
947  1067  
927  1068  
918  1066  
1237  786  
1235  785  
1233  777  
1237  772  
1260  758  
1285  747  
1316  735  
1351  720  
1389  702  
1454  671  
1499  650  
1540  631  
1579  613  
1618  596  
1674  577  
1845  863  
1845  867  
1829  870  
1786  874  
1752  875  
1716  873  
1671  872  
1609  875  
1532  891  
1488  898  
1440  900  
1401  895  

