1364  813  
1350  815  
1334  818  
1304  824  
1279  830  
1252  839  
1227  851  
1207  867  
1187  897  
1180  923  
1179  948  
1183  966  
1191  980  
1214  996  
1242  1003  
1282  1004  
1323  1000  
1356  992  
1386  984  
1445  979  
1491  979  
1529  982  
1566  990  
1617  999  
1692  1006  
1724  1008  
1754  1013  
1793  1020  
1834  1030  
1885  1048  
1913  1061  
1939  1074  
1962  1086  
1981  1098  
1992  1111  
1993  1129  
1983  1141  
1964  1151  
1939  1160  
1908  1167  
1845  1177  
1794  1183  
1740  1187  
1688  1190  
1633  1194  
1547  1199  
1483  1202  
1414  1206  
1350  1210  
1294  1214  
1242  1218  
1173  1224  
1132  1228  
1095  1231  
1068  1234  
1050  1234  
1038  1234  
1040  1235  

