1820  1144  
1797  1149  
1770  1152  
1739  1155  
1705  1155  
1645  1156  
1604  1157  
1564  1159  
1529  1162  
1498  1165  
1461  1169  
1445  1170  
1432  1169  
1426  1166  
1139  994  
1131  1000  
1121  1008  
1108  1018  
1096  1027  
1086  1036  
1079  1049  
1080  1057  
1086  1065  
1099  1073  
1120  1079  
1161  1082  
1191  1082  
1222  1082  
1255  1082  
1289  1081  
1337  1078  
1366  1076  
1395  1075  
1426  1075  
1459  1076  
1489  1079  
1527  1085  
1547  1091  
1564  1097  
1578  1104  
1587  1111  
1594  1123  
1592  1132  
1586  1140  
1574  1150  
1558  1159  
1525  1173  
1498  1181  
1466  1186  
1430  1191  
1392  1194  
1353  1198  
1295  1204  
1255  1209  
1214  1213  
1171  1218  
1126  1222  
1057  1230  
1016  1234  
979  1239  
947  1242  
918  1245  
884  1248  
868  1249  
858  1249  
853  1249  

