1777  898  
1735  898  
1716  897  
1697  895  
1674  894  
1651  892  
1629  891  
1622  891  
1615  887  
1651  442  
1646  443  
1650  459  
1654  477  
1658  497  
1664  516  
1670  534  
1679  560  
1684  578  
1688  598  
1690  620  
1692  643  
1693  676  
1692  699  
1688  722  
1683  745  
1675  767  
1668  788  
1657  813  
1650  826  
1642  836  
1634  845  
1624  855  
1605  869  
1593  878  
1581  890  
1569  904  
1558  918  
1541  932  
1528  939  
1514  943  
1494  946  
1466  948  
1433  949  
1394  949  
1374  947  
1354  944  
1324  940  
1279  933  
1209  925  
1181  919  
1160  910  
1141  898  
1126  886  
1108  872  
1105  862  
1111  850  
1125  840  
1141  831  
1159  824  
1185  817  
1201  813  
1219  809  
1231  809  
1483  618  
1474  621  
1457  628  
1437  641  
1415  655  
1394  667  
1377  677  
1377  681  
1385  684  
1402  686  
1426  686  
1462  687  
1482  689  
1493  694  
1498  700  
1498  708  
1491  720  
1479  729  
1458  739  
1433  750  
1408  762  
1386  774  
1367  786  
1361  792  

