1470  826  
1513  822  
1561  817  
1587  815  
1608  815  
1624  816  
1631  819  
1629  819  
1475  752  
1469  743  
1466  740  
1467  741  
1471  745  
1477  753  
1487  764  
1497  780  
1517  807  
1531  824  
1544  839  
1556  854  
1567  868  
1585  905  
1599  948  
1613  995  
1621  1029  
1624  1050  
1621  1067  
1608  1094  
1593  1113  
1573  1133  
1548  1151  
1515  1165  
1446  1178  
1391  1182  
1336  1182  
1285  1178  
1237  1171  
1177  1153  
1144  1138  
1115  1117  
1096  1095  
1312  869  
1322  871  
1315  871  

