1952  1179  
1954  1173  
1951  1168  
1941  1169  
1925  1173  
1903  1179  
1876  1184  
1843  1190  
1784  1198  
1740  1201  
1695  1203  
1650  1204  
1607  1204  
1554  1202  
1525  1201  
1502  1196  
1482  1192  
1153  891  
1159  898  
1168  908  
1178  923  
1191  944  
1227  982  
1265  1006  
1303  1024  
1334  1039  
1359  1057  
1384  1079  
1424  1117  
1448  1144  
1466  1168  
1480  1189  
1491  1205  
1496  1225  
1491  1237  
1477  1245  
1456  1250  
1428  1250  
1374  1245  
1333  1241  
1290  1239  
1246  1239  
1202  1239  
1162  1240  
1109  1240  
1082  1233  
1074  1230  
1209  835  
1237  826  
1279  821  
1346  817  
1400  815  
1465  812  
1528  807  
1584  802  
1659  802  
1700  808  
1726  812  
1885  1161  
1885  1152  
1883  1151  

