855  1251  
862  1252  
1741  1154  
1743  1152  
1744  1152  
1744  1152  
1740  1154  
1731  1158  
1716  1161  
1684  1166  
1655  1168  
1621  1169  
1582  1169  
1542  1171  
1489  1175  
1460  1177  
1439  1177  
1426  1177  
1420  1174  
1419  1169  
1421  1167  
1154  894  
1150  905  
1156  920  
1163  937  
1180  968  
1195  992  
1215  1015  
1240  1035  
1268  1052  
1303  1077  
1324  1094  
1342  1113  
1358  1133  
1371  1152  
1382  1169  
1391  1190  
1393  1202  
1392  1211  
1385  1219  
1372  1225  
1344  1230  
1318  1231  
1289  1231  
1258  1231  
1227  1232  
1181  1233  
1153  1233  
1128  1225  
1110  1214  
1181  869  
1186  863  
1197  856  
1215  848  
1244  841  
1302  835  
1341  834  
1378  833  
1422  830  

