2347  840  
2340  839  
2326  842  
2284  850  
2245  855  
2197  857  
2144  857  
2090  852  
1986  849  
1911  860  
1838  874  
1758  879  
1681  878  
1598  886  
1494  914  
1428  926  
1374  934  
1332  943  
1281  950  
1220  957  
1202  958  
1194  957  
1191  956  
1191  954  
1196  938  
887  873  
874  868  
878  864  
888  858  
907  850  
935  843  
981  837  
1012  834  
1052  832  
1103  830  
1153  828  
1209  826  
1240  826  
1268  830  
1286  835  
1296  840  
1300  849  
1295  858  
1281  871  
1255  892  
1224  924  
1199  954  
1169  986  
1144  1004  
1113  1021  
1078  1039  
1049  1057  
1013  1087  
992  1107  
973  1128  
960  1148  
954  1166  
954  1190  
961  1204  
975  1216  
995  1226  
1026  1231  
1071  1231  
1157  1224  
1218  1217  
1280  1208  
1342  1200  
1408  1192  
1514  1179  
1579  1171  
1637  1164  
1686  1157  
1725  1152  
1774  1146  
1803  1143  
1828  1142  
1845  1141  
1855  1141  
1858  1143  
1848  1142  
1838  1137  
1056  694  
1059  698  
1073  695  
1082  690  
1087  684  

