1083  886  
1063  888  
1053  888  
1050  882  
1050  875  
1336  627  
1335  627  
1338  630  
1348  638  
1454  925  
1454  925  
1450  920  
1450  918  
1451  914  
1456  904  
1459  897  
1464  891  
1471  884  
1480  877  
1493  870  
1503  866  
1513  863  
1523  863  
1535  862  
1547  863  
1569  864  
1588  866  
1615  870  
1647  876  
1677  886  
1711  907  
1728  922  
1745  936  
1766  946  
1793  954  
1834  966  
1857  975  
1875  984  
1890  992  
1902  1000  
1914  1005  
1924  1011  
1925  1011  
1923  1010  
1914  1006  
1900  1000  
1873  993  
1847  993  
1812  997  
1778  1004  
1751  1014  
1715  1036  
1687  1051  
1656  1064  
1625  1074  
1598  1081  
1573  1087  
1534  1096  
1504  1102  
1469  1108  
1435  1114  
1405  1117  
1365  1116  
1339  1111  
1312  1104  
1289  1096  
1273  1089  
1261  1079  
1552  756  
1553  763  
1552  773  
1548  782  
1548  787  
1520  828  
1527  828  
1530  828  
1534  828  
1539  828  
1544  828  
1550  827  
1564  827  
1574  827  
1586  827  
1601  828  
1618  829  
1646  832  
1665  834  
1684  838  
1701  842  

