1250  288  
1277  297  
1302  308  
1324  321  
1342  335  
1353  350  
1358  372  
1354  388  
1342  405  
1321  425  
1292  448  
1245  487  
1213  517  
1184  552  
1161  588  
1142  626  
1121  695  
1116  750  
1119  802  
1133  843  
1153  875  
1177  905  
1231  949  
1291  966  
1348  969  
1396  962  
1451  952  
1518  928  
1548  901  
1579  874  
1608  851  
1235  182  
1236  184  
1234  181  
1232  179  
1233  181  
1234  183  
1234  188  
1236  191  
1239  194  
1242  194  
1244  194  
1248  193  
1249  191  
1250  189  
1251  189  
1251  187  
1250  187  
1240  183  
1241  183  
1239  181  
1239  180  
1239  180  
1240  179  
1240  179  
1240  178  
1240  178  
1240  178  
1239  178  
1239  178  
1239  178  
1239  178  
1239  178  
1240  178  
1240  178  
1240  178  
1240  178  
1240  178  
1240  178  
1239  178  
1239  178  
1239  177  

