1718  847  
1742  855  
1760  859  
1780  862  
1802  865  
1824  867  
1845  869  
1868  869  
1881  869  
1893  869  
1903  868  
1914  867  
1930  867  
1941  867  
1952  867  
1963  868  
1974  869  
1986  871  
1990  872  
1991  872  
1992  872  
1992  872  
1992  872  
1992  872  
1991  872  
1990  872  
1989  872  
1988  872  
1985  872  
1982  872  
1978  872  
1974  872  
1968  872  
1959  873  
1951  874  
1943  875  
1935  877  
1926  879  
1917  882  
1904  888  
1895  891  
1885  894  
1875  898  
1865  901  
1844  906  
1825  910  
1805  912  
1784  913  
1765  914  
1739  914  
1724  914  
1707  911  
1684  910  
1652  911  
1614  916  
1567  924  
1546  929  
1528  933  
1509  937  
1486  940  
1444  944  
1419  946  
1399  949  
1382  951  
1369  954  
1351  958  
1340  960  

