1239  177  
1239  177  
1238  177  
1236  177  
1236  177  
1236  178  
1237  181  
1240  183  
1456  737  
1459  723  
1463  710  
1467  698  
1474  679  
1479  665  
1485  651  
1491  636  
1497  622  
1504  607  
1509  600  
1514  596  
1518  595  
1523  596  
1532  603  
1539  612  
1547  623  
1555  638  
1564  655  
1574  673  
1593  702  
1610  722  
1628  739  
1648  753  
1668  766  
1699  780  
1717  786  
1730  791  
1739  795  
1742  798  
1737  801  
1725  803  
1706  804  
1680  804  
1649  805  
1611  809  
1547  819  
1500  825  
1445  827  
1392  826  
1346  822  
1276  819  
1231  820  
1194  823  
1162  826  
1132  830  
1095  833  
1079  834  
1072  834  
1510  477  
1508  475  
1511  475  
1510  478  
1506  483  
1505  487  
1505  489  
1507  491  
1510  492  
1517  490  
1520  489  
1521  487  
1522  486  
1522  485  
1520  485  
1518  484  
1683  871  
1664  870  

