1762  1058  
1762  1058  
1762  1058  
1761  1058  
1758  1058  
1748  1057  
1739  1057  
1728  1056  
1715  1055  
1697  1055  
1675  1055  
1628  1055  
1592  1053  
1562  1052  
1537  1052  
1512  1057  
1471  1076  
1445  1094  
1423  1117  
1410  1141  
1403  1162  
1406  1189  
1416  1201  
1432  1207  
1454  1207  
1480  1201  
1505  1192  
1534  1172  
1546  1157  
1551  1142  
1547  1127  
1533  1114  
1493  1101  
1461  1099  
1429  1100  
1401  1105  
1375  1113  
1341  1127  
1323  1137  
1306  1145  
1291  1151  
1276  1153  
1258  1153  
1227  1145  
1205  1136  
1184  1125  
1163  1115  
1146  1108  
1132  1104  
1942  983  
1932  989  
1926  990  

