1576  943  
1575  962  
1570  1004  
1568  1025  
1566  1040  
1564  1050  
1563  1057  
1562  1060  
1561  1060  
1560  1054  
1559  1042  
1558  1021  
1558  988  
1564  925  
1570  893  
1575  877  
1579  870  
1582  868  
1588  873  
1595  884  
1608  904  
1626  933  
1645  966  
1661  997  
1676  1026  
1682  1035  
1685  1040  
1686  1043  
1684  1045  
1671  1049  
1653  1049  
1628  1047  
1600  1042  
1576  1038  
1548  1034  
1532  1033  
1515  1033  
1496  1033  
1474  1033  
1450  1035  

