1919  991  
1911  990  
1902  989  
1887  986  
1876  984  
1864  983  
1847  982  
1826  982  
1790  981  
1768  982  
1748  984  
1731  989  
1715  997  
1695  1006  
1655  1020  
1625  1028  
1599  1034  
1580  1040  
1568  1048  
1557  1064  
1554  1074  
1555  1084  
1560  1092  
1569  1099  
1587  1104  
1602  1104  
1619  1101  
1634  1097  
1645  1092  
1653  1087  
1655  1081  
1649  1078  
1635  1077  
1610  1077  
1582  1077  
1548  1080  
1526  1084  
1503  1090  
1479  1096  
1458  1103  
1441  1111  
1429  1126  
1427  1138  
1428  1153  
1434  1171  
1443  1192  
1459  1231  
1469  1259  
1479  1288  
1488  1315  
1496  1340  
1506  1375  
1509  1395  
1577  940  
1577  936  
1577  937  

