1326  987  
1323  1012  
1321  1033  
1319  1053  
1317  1087  
1317  1112  
1319  1138  
1320  1163  
1322  1186  
1324  1215  
1325  1232  
1326  1245  
1326  1256  
1327  1264  
1327  1272  
1327  1274  
1327  1275  
1329  1277  
1331  1276  
1652  837  
1623  838  
1587  840  
1554  848  
1517  857  
1441  865  
1391  863  
1351  855  
1311  847  
1270  842  
1224  836  
1208  831  
1197  823  
1190  814  
1187  802  
1186  789  
1191  771  
1196  762  
1201  756  
1207  754  
1212  754  
1221  763  
1226  773  
1228  783  
1228  793  
1224  804  
1216  814  
1198  828  
1183  838  
1165  848  
1144  860  
1123  871  
1093  888  
1077  903  
1068  923  
1062  947  
1058  972  
1056  1012  
1056  1037  
1056  1063  
1056  1091  
1055  1121  
1053  1152  
1048  1195  
1044  1220  
1041  1241  
1037  1257  
1036  1269  
1034  1280  
1033  1280  
1752  828  
1747  830  
1741  833  
1731  835  
1713  836  
1695  836  
1673  835  
1647  835  
1618  835  
1577  837  
1555  839  
1535  840  
1516  840  
1497  840  
1480  838  
1461  834  
1452  832  
1447  831  
1444  830  
1443  830  
1443  830  
1443  830  
1444  831  

