1347  465  
1344  451  
1344  436  
1345  421  
1349  408  
1354  394  
1366  378  
1377  370  
1391  364  
1407  362  
1426  361  
1454  367  
1474  374  
1493  383  
1511  395  
1527  406  
1546  424  
1555  436  
1561  447  
1564  458  
1564  469  
1559  479  
1543  492  
1525  501  
1503  509  
1477  516  
1449  522  
1403  530  
1372  534  
1341  538  
1312  542  
1284  545  
1247  548  
1227  550  
1209  553  
1196  557  
1186  562  
1178  570  
1170  585  
1167  600  
1166  617  
1165  637  
1166  660  
1169  702  
1171  736  
1174  772  
1175  805  
1175  834  
1173  877  
1172  914  
1171  955  
1171  989  
1172  1016  
1172  1036  
1173  1062  
1172  1077  
1171  1088  
1171  1097  
1170  1101  
1170  1103  
1170  1103  

