1170  1102  
1170  1100  
1170  1098  
1170  1096  
1172  1093  
1173  1091  
1790  617  
1788  611  
1791  612  
1803  617  
1814  622  
1828  629  
1843  639  
1860  651  
1885  672  
1899  686  
1910  701  
1917  716  
1920  731  
1920  744  
1912  760  
1903  766  
1890  768  
1875  768  
1861  762  
1842  749  
1831  737  
1822  722  
1814  705  
1809  689  
1803  666  
1800  651  
1797  637  
1795  627  
1792  619  
1790  615  
1788  612  
1788  612  
1788  615  
1790  621  
1793  628  
1796  642  
1799  653  
1799  665  
1798  676  
1795  688  
1785  707  
1774  719  
1759  730  
1739  739  
1714  747  
1686  753  
1637  761  
1601  765  
1564  769  
1526  772  
1486  774  
1427  774  
1397  772  
1374  771  
1355  769  
1780  762  
1780  753  
1786  750  
1791  748  
1798  747  
1810  747  
1816  750  
1820  754  
1821  757  
1821  761  
1813  764  
1807  764  
1802  763  
1800  761  
1800  758  
1802  754  
1806  753  
1809  752  
1810  753  
1810  755  
1810  757  
1804  761  
1800  761  
1796  761  
1794  757  
1798  754  
1803  753  
1808  752  
1812  754  
1813  756  
1811  759  
1806  759  
1801  759  
1796  759  
1793  757  
1793  756  
1795  755  
1798  755  
1799  755  
1799  756  
1797  758  
1790  761  
1785  762  
1780  761  

