1445  832  
1446  833  
1447  835  
1447  836  
1447  837  
1447  840  
1447  841  
1446  842  
1445  844  
1445  844  
1444  844  
1442  844  
1439  844  
1433  843  
1428  843  
1422  842  
1415  842  
1407  841  
1393  842  
1385  845  
1380  849  
1375  856  
1372  864  
1371  874  
1373  891  
1377  904  
1384  916  
1392  925  
1402  930  
1420  931  
1432  929  
1445  923  
1457  914  
1467  905  
1475  890  
1476  881  
1476  873  
1473  865  
1468  859  
1461  855  
1446  852  
1433  852  
1420  852  
1407  853  
1392  855  
1373  855  
1361  855  
1349  854  
1336  852  
1321  850  
1297  847  
1282  845  
1268  843  
1256  841  
1246  840  
1239  839  
1233  838  
1231  837  
1230  837  
1230  837  
1230  837  
1230  837  
1230  837  
1230  838  
1230  838  
1230  838  
1230  838  
1229  838  
1228  838  
1226  838  
1224  838  
1223  838  
1221  838  
1221  838  
1220  835  
1224  835  
1222  834  
1222  834  
1220  834  
1218  834  
1212  834  
1205  836  
1196  837  
1176  840  
1157  842  
1133  844  
1101  846  

