1248  1056  
1525  996  
1520  1005  
1519  1026  
1514  1042  
1509  1055  
1503  1066  
1496  1076  
1494  1077  
1494  1075  
1498  1066  
1504  1052  
1511  1035  
1518  1009  
1522  993  
1524  980  
1525  973  
1527  971  
1531  980  
1536  996  
1545  1014  
1557  1031  
1574  1048  
1604  1067  
1624  1078  
1638  1085  
1649  1091  
1655  1094  
1656  1094  
1650  1090  
1637  1086  
1613  1082  
1584  1078  
1555  1075  
1509  1077  
1475  1083  
1440  1093  
1409  1104  
1383  1116  
1352  1133  
1335  1142  
1316  1147  
1298  1148  
1752  1063  
1756  1061  
1759  1059  
1761  1059  
1761  1058  
1762  1058  

