1400  1184  
1405  1184  
2268  620  
2255  621  
2233  619  
2212  623  
2183  628  
2122  638  
2075  644  
2029  648  
1985  651  
1942  656  
1875  668  
1829  676  
1782  682  
1738  686  
1701  688  
1671  689  
1635  690  
1614  694  
1594  702  
1574  714  
1555  733  
1535  770  
1532  796  
1537  815  
1551  828  
1573  835  
1625  836  
1668  836  
1705  833  
1738  827  
1770  815  
1797  797  
1818  764  
1821  739  
1816  715  
1804  696  
1787  682  
1747  676  
1711  681  
1671  693  
1629  708  
1587  724  
1525  747  
1485  765  
1446  786  
1415  810  
1396  838  
1388  870  
1389  942  
1394  997  
1401  1045  
1410  1089  
1420  1134  
1434  1196  
1440  1230  
1443  1260  
1444  1283  
1443  1301  
1442  1315  
1441  1317  
1441  1317  
1441  1317  
1443  1316  
1445  1313  
2261  644  
2249  651  
2223  659  
2201  664  
2175  667  
2145  670  
2113  671  
2065  673  
2031  675  
1998  678  

