1574  816  
1573  817  
1569  815  
1568  812  
1565  804  
1562  795  
1558  783  
1554  769  
1548  752  
1544  736  
1542  717  
1544  708  
1550  702  
1561  700  
1576  701  
1603  710  
1622  719  
1638  732  
1651  747  
1660  763  
1664  784  
1658  794  
1643  803  
1617  810  
1585  816  
1549  823  
1483  834  
1433  839  
1392  842  
1364  843  
1343  845  
1324  850  
1320  858  
1323  871  
1331  893  
1342  928  
1357  987  
1365  1020  
1374  1046  
1387  1071  
1402  1095  
1418  1121  
1428  1144  

