1788  805  
1789  817  
1788  824  
1785  830  
1778  836  
1769  840  
1750  845  
1736  847  
1720  847  
1701  845  
1676  843  
1646  843  
1594  844  
1563  848  
1536  854  
1507  859  
1471  861  
1448  860  
1808  852  
1808  849  
1811  850  
1810  853  
1802  854  
1790  855  
1763  856  
1744  856  
1726  855  
1707  853  
1684  850  
1642  847  
1609  846  
1580  848  
1557  849  
1537  851  
1509  851  
1490  850  
1468  849  
1444  849  
1423  849  
1406  850  
1385  855  
1376  860  
1370  867  
1368  875  
1368  883  
1374  895  
1380  901  
1389  905  
1398  905  
1407  904  
1416  900  
1418  896  
1417  893  
1413  889  
1407  885  
1397  883  
1382  879  
1372  878  
1364  877  
1356  876  
1348  876  
1338  876  
1333  878  
1329  881  
1327  888  
1326  901  
1326  934  
1326  960  

