1248  808  
1247  809  
1246  809  
1246  810  
1244  812  
1241  813  
1240  814  
1239  815  
1238  815  
1237  816  
1235  817  
1234  818  
1232  819  
1232  819  
1231  820  
1230  820  
1230  820  
1229  821  
1228  822  
1227  823  
1227  824  
1226  824  
1226  824  
1226  824  
1226  824  
1226  824  
1226  824  
1226  824  
1226  824  
1226  825  
1225  825  
1222  826  
2318  693  
2308  691  
2301  696  
2288  703  
2268  711  
2243  719  
2195  731  
2160  737  
2125  742  
2091  746  
2058  749  
2024  752  
1974  756  
1942  760  
1911  763  
1879  765  
1844  765  
1787  763  
1754  760  
1725  755  
1700  749  
1678  742  
1647  728  
1628  716  
1612  703  
1599  690  
1591  678  
1586  666  
1585  648  
1589  638  
1598  628  
1612  620  
1629  612  
1657  604  
1678  600  
1698  600  
1719  601  
1738  604  
1763  608  
1778  610  
1789  612  
1797  615  
1804  617  
1809  618  
1814  621  
1817  623  
1818  626  
1820  631  
1820  636  
1818  647  
1816  652  
1813  658  
1810  663  
1807  667  
1804  672  
1802  673  
1802  674  
1802  674  
1802  674  
1802  674  
1802  674  
1802  674  
1802  674  
1802  674  
1804  674  
1809  670  
1811  663  
2204  638  
2211  634  
2207  636  
2191  641  
2163  647  
2127  650  
2063  650  
2019  650  
1974  649  
1926  652  
1872  656  
1779  668  
1715  679  
1656  692  
1603  709  
1559  731  

