1732  1052  
1724  1047  
1716  1047  
1704  1049  
1689  1052  
1657  1058  
1629  1063  
1602  1069  
1579  1078  
1559  1089  
1541  1103  
1521  1128  
1517  1146  
1520  1164  
1528  1182  
1541  1199  
1571  1219  
1596  1228  
1624  1233  
1655  1236  
1685  1236  
1729  1235  
1755  1233  
1777  1231  
1794  1229  
1806  1227  
1811  1226  
1810  1224  
1805  1223  
1794  1223  
1779  1226  
1759  1231  
1724  1239  
1696  1244  
1665  1247  
1630  1250  
1595  1253  
1540  1258  
1499  1261  
1454  1265  
1406  1266  
1359  1266  
1314  1266  
1255  1267  
1222  1268  
1197  1269  
1179  1269  
1172  1266  
1181  1255  
1187  1247  
1536  1001  
1541  980  
1540  969  
1539  968  
1539  969  
1537  974  
1534  987  
1861  1063  
1859  1065  
1850  1071  
1836  1079  
1820  1089  
1800  1101  
1764  1120  
1739  1133  

