1508  919  
1503  923  
1497  928  
1488  937  
1477  949  
1464  962  
1454  975  
1446  995  
1447  1006  
1453  1017  
1464  1028  
1480  1038  
1509  1053  
1531  1060  
1555  1066  
1581  1069  
1612  1070  
1658  1069  
1684  1066  
1706  1060  
1723  1053  
1734  1047  
1741  1042  
1743  1039  
1741  1038  
1735  1041  
1726  1047  
1716  1054  
1696  1067  
1679  1079  
1661  1090  
1643  1102  
1625  1115  
1594  1134  
1572  1148  
1546  1162  
1516  1176  
1479  1190  
1436  1202  
1369  1219  
1324  1227  
1280  1232  
1237  1235  
1197  1235  
1139  1234  
1100  1232  
1062  1228  
1028  1224  
1000  1218  
978  1205  
976  1200  
1354  861  
1355  861  
1356  863  
1360  871  
1360  875  

