1507  1280  
1528  1272  
1235  683  
1236  686  
1237  693  
1240  699  
1365  789  
1353  784  
1343  793  
1330  805  
1307  827  
1292  842  
1278  858  
1271  876  
1271  898  
1285  934  
1303  950  
1325  958  
1347  959  
1365  957  
1383  953  
1415  947  
1435  943  
1452  939  
1462  937  
1463  937  
1445  942  
1422  951  
1397  968  
1373  995  
1350  1027  
1312  1072  
1295  1106  
1288  1147  
1293  1188  
1307  1226  
1327  1261  
1369  1301  
1406  1316  
1449  1322  
1491  1315  
1528  1299  
1566  1265  
1580  1238  
1585  1208  
1580  1172  
1573  1150  
1230  688  
1225  683  
1227  687  
1233  701  
1236  710  
1512  926  
1512  926  
1510  920  
1509  919  

