1712  1146  
1686  1156  
1660  1165  
1619  1178  
1593  1184  
1569  1187  
1546  1187  
1527  1186  
1504  1180  
1492  1176  
1481  1171  
1473  1164  
1468  1156  
1464  1147  
1461  1130  
1459  1117  
1456  1104  
1452  1092  
1446  1078  
1431  1060  
1420  1050  
1410  1044  
1398  1040  
1386  1039  
1368  1042  
1356  1045  
1347  1049  
1341  1052  
1339  1054  
1340  1054  
1353  1052  
1370  1049  
1393  1045  
1423  1042  
1456  1041  
1503  1039  
1527  1038  
1546  1037  
1562  1037  
1574  1037  
1582  1037  
1585  1039  
1581  1041  
1573  1046  
1561  1052  
1546  1061  
1524  1079  
1507  1094  
1489  1110  
1470  1129  
1450  1149  
1425  1181  
1412  1200  
1399  1218  
1387  1232  
1373  1242  
1356  1249  
1327  1252  
1305  1246  

