1281  1236  
1259  1220  
1237  1200  
1215  1168  
1444  943  
1452  948  
1449  956  
1800  1089  
1797  1085  
1795  1082  
1792  1085  
1787  1091  
1777  1101  
1765  1115  
1750  1132  
1720  1158  
1696  1174  
1668  1187  
1635  1196  
1599  1202  
1557  1205  
1487  1203  
1444  1197  
1415  1189  
1396  1179  
1387  1172  
1429  1023  
1420  1027  
1408  1034  
1398  1045  
1389  1057  
1381  1076  
1380  1088  
1386  1098  
1396  1106  
1414  1111  
1437  1112  
1478  1109  
1506  1104  
1529  1100  
1548  1096  
1562  1095  
1570  1094  
1568  1096  
1559  1101  
1543  1109  
1523  1120  
1486  1143  
1457  1161  
1428  1178  
1400  1193  
1372  1206  
1346  1216  
1310  1226  
1291  1229  
1275  1228  
1267  1225  
1390  903  
1393  905  

