1294  848  
1203  892  
1131  919  
1091  925  
1771  731  
1769  730  
1765  727  
1762  727  
1758  727  
1754  727  
1751  725  
1749  720  
1748  716  
1748  710  
1749  703  
1751  695  
1757  685  
1761  679  
1765  674  
1770  670  
1774  668  
1778  668  
1783  670  
1786  674  
1787  680  
1789  688  
1789  699  
1792  721  
1793  737  
1795  757  
1797  778  
1798  798  
1792  824  
1782  840  
1766  853  
1746  864  
1723  872  
1693  878  
1608  893  
1549  916  
1494  936  
1426  950  
1357  964  
1222  976  
1746  813  

