1617  1098  
1606  1103  
1591  1110  
1568  1121  
1537  1132  
1493  1141  
1412  1147  
1362  1146  
1320  1140  
1284  1129  
1251  1112  
1215  1078  
1201  1051  
1194  1024  
1193  995  
1196  968  
1202  949  
1217  936  
1233  944  
1257  962  
1281  987  
1302  1013  
1324  1047  
1331  1072  
1333  1105  
1331  1143  
1323  1183  
1297  1239  
1269  1273  
1231  1303  
1187  1330  
1136  1354  
1087  1374  
1044  1384  
1462  823  
1458  817  
1450  815  
1438  814  
1420  815  
1385  820  

