1850  983  
1829  985  
1802  988  
1770  994  
1736  1003  
1695  1015  
1634  1023  
1540  1022  
1478  1022  
1409  1029  
1347  1039  
1283  1045  
1196  1043  
1153  1038  
1113  1033  
1077  1026  
1053  1017  
1035  995  
1031  972  
1030  942  
1032  908  
1037  878  
1046  850  
1065  803  
1081  762  
1098  719  
1113  682  
1129  651  
1152  614  
1169  594  
1188  578  
1210  568  
1235  561  
1262  560  
1307  568  
1338  579  
1370  595  
1401  614  
1430  635  
1469  671  
1490  697  
1505  725  
1514  753  
1517  780  
1510  814  
1495  832  
1466  847  
1427  860  
1387  870  
1346  875  
1250  893  
1187  913  
1131  929  
1068  938  
1016  943  
934  952  
874  957  
851  956  
1084  264  
1081  255  
1081  251  
1081  251  
1082  252  
1086  260  
1088  271  
1090  289  
1093  311  
1096  339  
1100  388  
1103  424  
1104  464  
1106  505  
1107  548  
1111  616  
1111  661  
1112  682  

