1291  946  
1306  900  
1319  865  
1329  841  
1343  804  
1357  772  
1374  737  
1393  705  
1413  676  
1443  639  
1462  621  
1480  609  
1497  601  
1514  599  
1532  603  
1556  619  
1572  636  
1587  659  
1602  687  
1618  718  
1642  771  
1661  806  
1681  836  
1702  866  
1718  907  
1730  977  
1731  1014  
1728  1042  
1720  1064  
1706  1084  
1682  1101  
1632  1123  
1590  1134  
1542  1141  
1486  1146  
1421  1150  
1322  1156  
1256  1160  
1191  1165  
1126  1169  
1065  1172  
996  1175  
963  1178  
931  1179  
1244  467  
1244  467  
1244  467  
1244  468  
1244  472  
1244  491  
1243  511  
1242  536  
1239  565  
1237  597  
1235  653  
1233  698  
1230  748  
1226  797  
1218  838  
1206  916  
1204  983  
1206  1032  
1208  1069  
1211  1109  
1209  1146  
1382  564  
1381  564  
1378  567  
1375  572  
1373  578  
1372  582  
1377  585  
1381  585  
1384  584  
1385  583  
1385  583  
1379  579  
1227  1107  
1229  1100  
1233  1081  
1236  1071  
1239  1058  
1242  1045  
1244  1028  
1250  990  

