1301  801  
1306  812  
1315  832  
1324  849  
1334  878  
1339  927  
1337  989  
1334  1016  
1469  862  
1469  861  
1467  860  
1470  863  
1476  868  
1479  870  
1421  702  
1422  699  
1425  700  
1425  699  
1424  699  
1422  698  
1417  697  
1408  700  
1386  709  
1368  716  
1349  724  
1331  732  
1316  741  
1296  758  
1285  770  
1275  783  
1267  795  
1261  806  
1259  821  
1262  829  
1270  837  
1282  844  
1299  851  
1319  858  
1346  868  
1361  872  
1377  874  
1396  874  
1419  872  
1457  867  
1479  862  
1496  856  
1508  851  
1516  848  
1519  846  
1518  845  
1515  845  
1509  847  
1500  850  
1489  854  
1464  862  
1444  868  
1424  874  
1405  881  
1388  891  
1369  916  
1358  944  
1347  976  
1336  1007  
1329  1031  
1325  1054  
1328  1094  
1337  1125  

