1437  1128  
1404  1133  
1373  1138  
1330  1144  
1301  1147  
1272  1150  
1244  1151  
1217  1151  
1180  1151  
1158  1150  
1136  1149  
1115  1149  
1096  1149  
1080  1149  
1063  1150  
1055  1150  
1050  1150  
1047  1150  
1046  1150  
1046  1150  
1046  1149  
1048  1149  
1051  1146  
1056  1142  
1061  1141  
1218  1025  
1219  1014  
1218  1000  
1218  976  
1220  939  
1224  895  
1235  848  
1245  826  
1255  805  
1263  783  
1269  763  
1275  742  
1278  737  
1280  737  
1284  743  
1290  758  
1296  779  
1304  813  
1310  836  
1317  865  
1323  913  
1326  966  
1326  1017  
1326  1035  
1326  1046  
1328  1051  
1028  1238  
1029  1229  
1032  1213  
1040  1198  
1049  1180  
1064  1149  
1077  1127  
1093  1106  
1111  1087  
1133  1068  
1167  1044  
1188  1031  
1211  1021  
1241  1011  
1281  997  
1323  982  
1367  964  
1395  958  
1428  956  
1467  956  
1502  960  
1539  975  
1560  991  
1584  1009  
1608  1022  
1626  1033  
1634  1046  
1627  1055  
1611  1064  
1588  1073  
1559  1081  
1525  1089  
1454  1102  
1398  1111  
1342  1120  
1285  1129  
1225  1136  
1132  1141  
1072  1142  
1022  1142  
983  1142  
952  1140  
922  1134  

