1802  1009  
1776  1009  
1753  1015  
1716  1027  
1678  1036  
1626  1042  
1573  1043  
1524  1043  
1437  1046  
1379  1053  
1327  1060  
1273  1064  
1225  1065  
1187  1061  
1145  1053  
1123  1045  
1107  1034  
1096  1021  
1092  1005  
1096  970  
1106  940  
1118  908  
1131  876  
1145  848  
1165  805  
1179  773  
1192  741  
1206  712  
1220  689  
1235  672  
1259  654  
1278  648  
1299  646  
1322  650  
1346  659  
1384  679  
1409  696  
1435  717  
1459  741  
1481  768  
1501  805  
1507  825  
1507  844  
1501  862  
1488  880  
1463  898  
1413  925  
1380  944  
1340  964  
1279  982  
1215  992  
1132  1001  
1067  1012  
1011  1026  
952  1038  
886  1043  
833  1039  
1078  386  
1077  388  
1077  398  
1076  413  
1074  431  
1072  455  
1069  500  
1067  537  
1066  578  
1064  622  
1062  670  
1056  754  
1051  809  
1049  854  
1048  895  
1048  916  
1224  524  
1224  522  
1223  522  
1220  524  
1217  527  
1216  530  
1216  535  
1219  535  
1224  535  
1229  532  
1231  530  
1231  530  
1226  529  
1425  973  
1424  973  
1427  964  
1430  958  
1431  954  
1435  946  

