1437  940  
1441  933  
1446  926  
1452  917  
1458  907  
1471  893  
1480  883  
1489  872  
1498  860  
1507  848  
1521  829  
1532  816  
1543  802  
1555  790  
1567  780  
1589  769  
1604  765  
1621  765  
1638  769  
1656  776  
1675  786  
1702  804  
1720  817  
1737  830  
1751  844  
1765  857  
1783  876  
1791  888  
1796  901  
1796  912  
1789  924  
1768  938  
1749  946  
1729  952  
1703  958  
1658  964  
1601  968  
1533  969  
1491  970  
1438  972  
1389  976  
1349  982  
1277  987  
1231  987  
1202  984  
1186  983  
1173  983  
1160  982  
1157  978  
1443  423  
1447  423  
1450  429  
1451  439  
1453  453  
1454  470  
1456  500  
1458  524  
1460  550  
1461  577  
1463  606  
1464  652  
1465  686  
1466  724  
1467  766  
1468  801  
1467  812  
1596  566  
1596  566  
1599  565  
1598  565  
1597  566  
1594  570  
1592  573  
1590  576  
1590  578  
1592  579  
1600  580  
1606  578  
1612  575  
1616  572  
1616  570  
1615  567  
1609  565  
1604  565  
1600  565  
1599  566  
1599  567  
1600  567  
1601  567  
1601  567  
1599  567  
1597  566  
1833  981  
1845  980  
1852  982  

