1318  1269  
1313  1249  
1317  1221  
1322  1202  
1330  1180  
1339  1159  
1348  1138  
1365  1110  
1378  1094  
1395  1082  
1414  1073  
1437  1069  
1477  1069  
1504  1075  
1529  1082  
1556  1091  
1584  1101  
1615  1111  
1681  1138  
1699  1148  
1711  1157  
1717  1167  
1714  1179  
1700  1189  
1676  1197  
1642  1205  
1599  1212  
1552  1218  
1469  1225  
1410  1229  
1354  1232  
1302  1234  
1253  1235  
1199  1234  
1177  1230  
1164  1224  
1162  1217  
1168  1203  
1339  880  
1337  865  
1338  869  
1341  883  
1344  919  
1344  970  
1341  1034  
1341  1061  
1345  1087  
1347  1111  
1532  987  
1535  997  
1537  1013  
1237  1282  
1235  1268  
1239  1255  

