917  1129  
920  1118  
1125  895  
1136  849  
1136  830  
1133  812  
1126  788  
1122  776  
1122  769  
1122  766  
1125  769  
1132  778  
1147  807  
1156  832  
1163  860  
1167  896  
1172  941  
1179  1003  
1184  1032  
1189  1053  
1192  1062  
1333  858  
1336  858  
1340  863  
1345  871  
1346  873  
1117  1245  
1122  1239  
1129  1230  
1138  1218  
1147  1204  
1162  1180  
1173  1162  
1185  1141  
1199  1120  
1215  1099  
1244  1073  
1268  1058  
1297  1043  
1328  1026  
1357  1006  
1383  986  
1428  964  
1464  954  
1497  948  
1522  943  
1546  943  
1590  950  
1628  960  
1663  974  
1688  989  
1703  1003  
1715  1021  
1720  1031  
1721  1042  
1720  1053  
1715  1065  
1706  1077  
1685  1094  
1667  1104  
1646  1114  
1621  1123  
1593  1132  
1544  1146  
1504  1154  
1460  1162  
1413  1170  
1368  1176  
1304  1184  
1264  1187  
1227  1188  
1194  1189  
1167  1188  
1145  1188  
1123  1186  
1118  1185  
1117  1184  
1122  1181  
1126  1177  
1301  798  

