2390  809  
2375  812  
2355  816  
1460  533  
1460  533  
1458  533  
1455  533  
1450  535  
1445  537  
1437  540  
1429  544  
1423  548  
1420  553  
1420  556  
1424  556  
1428  556  
1435  554  
1443  551  
1454  546  
1460  544  
1462  542  
1463  539  
1461  538  
1455  537  
1450  537  
1446  540  
1441  543  
1438  547  
1437  552  
1438  557  
1440  558  
1444  559  
1449  559  
1454  556  
1460  551  
1463  547  
1463  543  
1461  540  
1457  539  
1449  540  
1443  543  
1439  546  
1437  550  
1437  552  
1440  555  
1446  556  
1451  556  
1455  553  
1458  551  
1458  549  
1458  545  
1456  544  
1453  543  
1452  543  
1447  542  
1445  542  
1159  1230  
1150  1242  
1149  1228  
1155  1205  
1165  1175  
1177  1136  
1192  1090  
1212  1016  
1234  940  
1271  864  
1310  818  
1348  774  
1419  710  
1477  684  
1533  673  
1583  675  
1625  688  
1659  708  
1694  748  
1709  777  
1715  806  
1711  831  
1697  849  
1638  871  
1577  894  
1521  923  
1456  948  
1388  973  
1272  1015  
1190  1026  
1119  1035  
1051  1047  
1003  1059  
969  1066  
935  1070  
930  1069  
931  1060  
1200  660  
1219  751  
1226  792  
1231  822  
1232  844  
1230  875  
1228  894  

