1475  971  
1472  976  
1472  981  
1476  984  
1486  985  
1493  983  
1498  978  
1499  973  
1498  968  
1493  964  
1486  965  
1334  1012  
1333  1012  
1334  1013  
1334  1013  
1333  1012  
1333  1011  
1333  1009  
1333  1008  
1333  1005  
1331  1005  
1330  1004  
1328  1004  
1327  1004  
1325  1004  
1325  1004  
1324  1004  
1323  1004  
1322  1004  
1321  1005  
1320  1006  
1323  1009  
1326  1010  
1318  1003  
1321  1005  
1325  1008  
1325  1008  
1327  1005  
1325  1009  
1323  1006  
1325  1008  
1325  1009  
1646  621  
1645  618  
1643  615  
1643  615  
1643  620  
1645  626  
1648  634  
1651  645  
1653  659  
1658  681  
1661  699  
1666  718  
1670  738  
1675  758  
1678  776  
1681  800  
1679  812  
1672  821  
1658  827  
1635  832  
1587  841  
1555  849  
1521  858  
1477  864  
1425  866  
1381  865  
1326  859  
1282  858  
1241  860  
1212  865  
1195  869  
1180  873  
1175  875  
1172  876  
1174  876  
1394  1028  
1390  1026  
1389  1029  
1388  1030  
1387  1032  
1386  1034  
1386  1034  
1388  1035  
1388  1035  
1390  1034  
1390  1034  
1390  1033  
1390  1033  
1389  1033  
1389  1033  
1389  1033  
1390  1033  
1390  1033  
1391  1035  
1390  1036  
1389  1035  
1535  1036  
1534  1035  
1535  1036  
1535  1036  
1533  1037  
1532  1037  
1531  1038  
1531  1038  
1530  1038  
1530  1038  

