2389  771  
2391  765  
2384  774  
2369  785  
2346  799  
2317  812  
2281  823  
2219  836  
2174  845  
2128  854  
2084  862  
2028  868  
1933  885  
1896  896  
1876  898  
1865  892  
1861  881  
1862  864  
1873  829  
1884  802  
1893  775  
1898  752  
1898  738  
1895  732  
1891  741  
1883  762  
1875  791  
1867  821  
1858  862  
1853  888  
1846  913  
1835  937  
1819  954  
1799  966  
1759  980  
1732  989  
1699  999  
1651  1007  
1596  1007  
1544  999  
1525  995  
1511  991  
1501  989  
1497  988  
1501  991  
1505  995  
1605  1095  
1617  1089  
1638  1088  
1661  1088  
1685  1086  
1719  1084  
1737  1081  
1752  1079  
1764  1076  
1775  1076  
1788  1075  
1796  1078  
1800  1080  
2283  797  
2271  802  
2254  808  
2232  817  
2204  825  
2151  836  
2115  841  
2081  843  
2045  844  

