1362  825  
1342  831  
1326  838  
1315  845  
1304  856  
1303  865  
1310  877  
1324  895  
1342  918  
1367  955  
1385  977  
1405  997  
1428  1016  
1450  1035  
1469  1053  
1482  1080  
1481  1098  
1469  1117  
1444  1137  
1408  1154  
1337  1173  
1280  1179  
1218  1179  
1151  1174  
1085  1163  
1011  1135  
980  1110  
962  1086  
956  1063  
963  1042  
979  1016  
1001  987  
1167  1291  
1172  1298  
1188  1298  
1214  1293  
1246  1287  
1295  1277  
1327  1272  
1358  1269  
1369  1267  

