1533  548  
1533  544  
1533  544  
1531  543  
1527  544  
1519  546  
1508  549  
1488  556  
1477  560  
1469  564  
1464  568  
1462  570  
1463  572  
1466  573  
1471  574  
1478  575  
1487  577  
1498  580  
1516  587  
1528  595  
1540  606  
1553  618  
1565  632  
1581  659  
1591  680  
1598  702  
1601  725  
1600  747  
1589  780  
1574  799  
1552  814  
1525  827  
1487  837  
1439  842  
1368  838  
1323  831  
1272  824  
1224  818  
1182  810  
1121  790  
1082  769  
1053  746  
1034  721  
1022  697  
1019  662  
1026  638  
1039  615  
1056  592  
1078  570  
1104  551  
1147  528  
1181  518  
1218  512  
1257  510  
1279  512  
1581  608  
1579  602  
1579  602  
1579  604  
1579  609  
1581  616  
1583  626  
1588  646  
1594  661  
1600  677  
1606  695  
1612  714  
1619  743  
1622  761  
1623  777  
1621  791  
1613  802  
1588  815  
1565  822  
1536  828  
1501  833  
1454  836  
1405  836  
1343  831  
1299  828  
1252  828  
1211  831  
1178  836  
1137  839  
1112  840  
1092  840  
1080  839  
1075  837  
1076  836  
1326  973  
1322  965  
1317  963  
1313  965  
1308  971  
1305  978  
1305  986  
1308  992  
1318  997  
1326  996  
1333  992  
1337  987  
1337  980  
1332  970  
1326  966  
1320  965  
1317  968  
1314  971  
1495  963  
1493  961  
1489  961  
1481  966  

