1371  843  
1396  841  
1426  838  
1454  831  
1609  756  
1659  901  
1652  903  
1638  906  
1620  908  
1600  907  
1581  904  
1568  900  
1555  893  
1550  888  
1547  882  
1546  876  
1546  869  
1551  856  
1559  847  
1570  838  
1582  831  
1595  825  
1616  820  
1630  819  
1642  819  
1653  821  
1663  824  
1672  829  
1682  836  
1686  841  
1688  847  
1689  854  
1688  862  
1683  874  
1677  881  
1669  888  
1660  897  
1649  907  
1629  923  
1610  935  
1590  946  
1572  953  
1558  957  
1545  959  
1524  958  
1507  956  
1486  955  
1458  953  
1429  951  
1396  950  
1379  949  
1365  948  
1350  947  
1330  947  
1289  946  
1261  946  
1236  949  
1218  951  
1207  954  
1199  957  
1194  960  
1193  962  
1192  963  
1193  965  
1195  969  
1202  979  
1207  982  
1573  761  
1572  756  
1572  756  
1574  757  
1576  757  
1581  758  
1580  756  
1531  801  
1532  796  
1531  796  
1531  795  
1529  794  

