1832  892  
1810  894  
1782  895  
1753  894  
1724  891  
1667  885  
1612  885  
1565  892  
1534  898  
1509  900  
1472  896  
1450  889  
1436  879  
1429  868  
1428  853  
1435  827  
1442  805  
1449  779  
1456  749  
1463  720  
1470  693  
1479  661  
1483  644  
1487  630  
1491  621  
1495  615  
1498  614  
1502  617  
1507  624  
1513  637  
1519  654  
1531  684  
1540  706  
1549  729  
1558  751  
1565  772  
1568  790  
1567  810  
1560  820  
1548  829  
1531  836  
1508  843  
1453  850  
1409  851  
1370  849  
1330  846  
1279  845  
1203  854  
1164  863  
1122  869  
1080  871  
1048  870  
1027  868  
1009  860  
1431  461  
1433  463  
1433  463  
1433  463  
1429  466  
1425  469  
1422  474  
1420  480  
1422  485  
1429  491  
1436  492  
1443  490  
1448  487  
1450  483  
1450  480  
1448  476  
1446  474  
1444  474  
1442  474  
1434  480  
1436  482  
1435  482  
1435  481  
1434  481  
1434  481  
1435  481  
1435  480  
1555  484  
1555  479  
1551  475  
1549  475  
1545  475  
1540  478  
1536  481  
1533  487  
1533  490  
1537  492  
1543  493  

