1433  526  
1872  846  
1871  849  
1870  850  
1867  854  
1857  865  
1844  871  
1823  876  
1795  878  
1764  876  
1723  865  
1699  854  
1674  844  
1653  834  
1636  823  
1619  803  
1613  785  
1612  767  
1616  752  
1622  742  
1630  737  
1647  740  
1662  748  
1678  762  
1694  779  
1709  796  
1726  821  
1733  836  
1735  848  
1731  860  
1721  870  
1687  879  
1641  885  
1584  895  
1538  907  
1500  914  
1461  912  
1415  898  
1399  884  
1393  868  
1395  861  
1555  665  
1595  662  
1614  661  
1934  973  

