1615  324  
1617  323  
1620  321  
1622  317  
1622  314  
1621  312  
1619  312  
1618  313  
1618  312  
1991  743  
1985  744  
1972  749  
1957  749  
1940  749  
1922  747  
1905  743  
1891  738  
1875  726  
1869  716  
1867  705  
1868  692  
1873  679  
1886  660  
1895  647  
1906  635  
1917  624  
1927  615  
1942  605  
1950  601  
1959  600  
1966  601  
1972  606  
1977  614  
1982  630  
1984  646  
1988  663  
1992  682  
1996  704  
2004  739  
2012  764  
2021  788  
2033  810  
2046  830  
2065  858  
2072  877  
2075  895  
2071  913  
2057  931  
2027  946  
1957  964  
1916  969  
1883  970  
1845  970  
1799  968  
1738  967  
1707  967  
1668  966  
1621  963  
1582  960  
1552  954  
1543  951  
1541  950  
1898  505  
1901  503  
1899  502  
1896  501  
1892  501  
1886  503  
1882  506  
1880  509  
1881  515  
1884  518  
1888  521  
1894  522  
1899  522  
1903  520  
1904  518  
1904  517  
1903  515  
1901  514  
1900  515  
2009  509  
2004  511  
1998  512  
1992  513  
1987  515  
1983  518  
1982  522  
1986  525  
1993  527  
2000  528  
2007  527  
2012  524  
2012  519  
2008  514  
2003  511  
1999  509  
1993  510  
1990  512  
1840  889  

