643  633  
677  615  
711  596  
1030  463  
1029  462  
1029  462  
1029  462  
1029  462  
1029  461  
1106  455  
1102  455  
1102  456  
1102  458  
1105  462  
1107  463  
1673  532  
1671  535  
1667  537  
1661  536  
1652  533  
1640  524  
1637  516  
1637  507  
1639  499  
1642  493  
1646  491  
1649  493  
1653  501  
1657  515  
1663  534  
1669  572  
1670  601  
1670  633  
1669  665  
1664  698  
1653  731  
1617  775  
1578  798  
1529  817  
1466  830  
1397  834  
1301  827  
1234  821  
1173  814  
1115  797  
1064  768  
1023  714  
1014  676  
1016  639  
1030  601  
1056  563  
1093  529  
1165  489  
1218  469  
1276  455  
1662  430  
1665  435  
1665  440  
1596  426  
1595  429  
1597  428  
1598  424  
1600  422  
1603  420  
1604  419  
1605  419  
1606  419  
1606  419  
1604  422  
1602  426  
1600  430  
1599  433  
1599  435  
1601  437  
1604  438  
1607  439  
1609  439  
1607  434  
1651  404  
1650  397  
1650  393  
1649  392  

