2066  1002  
2063  1002  
2052  1000  
2036  996  
2016  986  
1996  971  
1981  953  
1973  922  
1973  904  
1979  890  
1990  881  
2005  876  
2021  875  
2048  881  
2065  893  
2079  911  
2091  932  
2101  955  
2118  985  
2130  1001  
2144  1016  
2155  1029  
2164  1040  
2169  1049  
2164  1058  
2150  1064  
2125  1068  
2090  1073  
2043  1075  
1955  1076  
1902  1076  
1846  1075  
1785  1077  
1731  1080  
1673  1082  
1647  1082  
1631  1082  
1623  1081  
1621  1078  
1626  1075  
1897  785  
1915  776  
1948  766  
1972  764  
1997  766  
2020  772  
2032  779  
1699  761  

