1931  968  
1930  965  
1932  967  
1932  968  
1930  972  
1921  985  
1911  995  
1897  1002  
1879  1006  
1854  1007  
1793  1005  
1754  1000  
1725  990  
1701  972  
1675  943  
1638  891  
1623  867  
1617  850  
1620  837  
1627  827  
1639  822  
1663  824  
1683  832  
1703  844  
1722  858  
1739  873  
1765  899  
1779  920  
1786  942  
1783  964  
1771  984  
1750  1002  
1705  1022  
1652  1030  
1586  1028  
1531  1020  
1482  1011  
1418  1001  
1393  990  
1380  975  
1603  720  
1611  720  
1624  721  
1627  718  
1724  735  
2062  1001  

