1466  478  
1471  477  
1481  480  
1502  480  
1584  468  
1517  780  
1499  775  
1485  768  
1466  754  
1444  738  
1424  721  
1404  695  
1400  679  
1399  668  
1402  661  
1408  657  
1423  662  
1436  674  
1452  693  
1471  717  
1489  743  
1514  785  
1526  813  
1531  838  
1530  862  
1525  886  
1515  912  
1486  946  
1451  958  
1375  964  
1335  955  
1248  917  
1204  888  
1183  865  
1169  839  
1160  810  
1155  755  
1166  722  
1182  691  
1317  546  
1340  539  
1365  532  
1390  530  
1413  527  

