1737  771  
1730  771  
1714  768  
1701  763  
1688  755  
1675  744  
1665  732  
1653  712  
1648  697  
1647  684  
1648  674  
1654  664  
1666  654  
1677  651  
1689  652  
1703  657  
1720  665  
1737  677  
1758  703  
1770  725  
1780  749  
1788  776  
1797  801  
1812  834  
1820  855  
1825  876  
1827  897  
1827  921  
1818  960  
1808  984  
1792  1003  
1772  1019  
1748  1032  
1722  1043  
1673  1056  
1630  1060  
1588  1059  
1551  1053  
1519  1043  
1468  1024  
1437  1006  
1413  978  
1399  944  
1554  548  
1559  554  
1566  559  
1575  564  
1590  570  
1604  574  
1618  573  
1700  593  
1729  553  
1730  559  
1730  568  

