1678  744  
1671  734  
1667  720  
1664  703  
1664  686  
1667  669  
1673  648  
1677  638  
1683  633  
1693  632  
1709  637  
1734  657  
1749  677  
1766  700  
1786  726  
1808  751  
1842  786  
1861  804  
1877  819  
1889  832  
1897  843  
1901  855  
1900  875  
1895  892  
1888  915  
1878  938  
1863  955  
1820  974  
1776  984  
1734  996  
1688  1009  
1624  1016  
1538  1010  
1493  1005  
1442  1000  
1399  995  
1370  988  
1344  967  
1331  942  
1324  910  
1326  879  
1587  477  
1592  477  
1603  476  
1618  477  
1636  480  
1667  484  
1829  478  
1745  777  
1744  773  
1741  771  

