1528  794  
1526  794  
1523  795  
1522  796  
1521  796  
1521  796  
1521  796  
1522  793  
1522  789  
1521  785  
1519  781  
1514  779  
1504  778  
1499  778  
1495  779  
1494  780  
1494  780  
1495  780  
1499  780  
1502  779  
1504  778  
1506  778  
1508  779  
1507  779  
1545  964  
1542  968  
1533  973  
1519  975  
1497  973  
1449  964  
1421  952  
1401  936  
1387  917  
1377  897  
1371  882  
1371  865  
1379  856  
1396  849  
1420  844  
1451  842  
1495  845  
1517  851  
1536  858  
1549  865  
1558  872  
1560  889  
1555  911  
1545  942  
1531  973  
1515  997  
1494  1010  
1444  1022  
1405  1028  
1368  1034  
1331  1038  
1288  1040  
1221  1036  
1187  1032  
1157  1028  
1127  1026  

