1677  694  
1667  696  
1646  695  
1629  693  
1611  689  
1593  683  
1577  676  
1558  661  
1551  650  
1548  638  
1546  626  
1546  612  
1550  591  
1555  578  
1563  566  
1570  555  
1578  545  
1586  538  
1600  532  
1609  532  
1619  535  
1628  542  
1637  552  
1648  571  
1655  586  
1662  603  
1669  622  
1676  642  
1689  674  
1699  696  
1710  720  
1720  743  
1728  768  
1733  790  
1734  818  
1730  833  
1721  845  
1705  854  
1679  861  
1608  874  
1557  890  
1514  908  
1458  920  
1398  926  
1313  929  
1237  931  
1174  932  
1117  929  
1057  920  
1011  904  
941  877  
889  867  
853  859  
832  851  
814  840  
793  818  
785  799  
782  775  
784  749  
790  724  
804  689  
818  667  
836  646  
859  628  
886  614  
916  602  
964  589  
1000  582  
1017  578  
1649  441  
1649  439  
1650  441  
1650  441  
1650  441  
1651  441  
1650  441  
1649  439  
1585  437  
1584  436  
1587  437  
1589  439  
1637  620  
1642  621  
1642  621  
1639  620  
1632  620  
1616  619  
1602  618  
1587  616  
1572  614  
1559  611  
1541  603  
1532  597  
1525  589  
1521  580  
1519  569  
1519  558  
1524  537  
1528  522  
1534  507  
1542  491  
1551  476  
1566  456  
1576  444  
1587  433  
1597  424  
1607  416  
1622  409  

