1573  781  
1574  785  
1576  790  
1579  796  
1585  807  
1589  816  
1593  825  
1598  835  
1602  845  
1604  856  
1609  875  
1613  888  
1616  901  
1616  912  
1612  923  
1596  938  
1580  946  
1563  950  
1547  953  
1528  954  
1489  956  
1449  957  
1408  959  
1376  963  
1343  970  
1294  977  
1211  982  
1170  982  
1128  982  
1080  982  
1040  984  
996  986  
967  984  
934  975  
906  959  
887  939  
872  904  
869  885  
872  870  
877  858  
884  848  
889  840  
894  834  
895  829  
898  827  
902  827  
1147  734  
1154  741  
1166  746  
1189  752  
1198  753  
1309  733  
1316  737  

