1363  739  
1544  821  
1541  808  
1540  805  
1540  807  
1541  815  
1544  823  
1547  831  
1552  841  
1557  853  
1566  874  
1573  895  
1579  927  
1584  961  
1586  990  
1585  1010  
1575  1026  
1561  1032  
1542  1035  
1515  1036  
1477  1038  
1406  1044  
1363  1049  
1320  1053  
1270  1055  
1223  1055  
1168  1050  
1139  1048  
1113  1046  
1094  1043  
1084  1041  
1082  1038  
1097  1030  
1218  760  
1215  744  
1217  742  
1223  742  
1240  740  
1256  737  
1277  733  
1303  727  
1331  721  
1369  716  
1391  716  
1410  715  
1425  715  
1433  716  
1431  712  
1537  794  
1538  790  
1537  786  
1538  783  
1538  781  

