1209  995  
1209  999  
1626  793  
1626  796  
1626  800  
1628  806  
1631  810  
1633  815  
1636  822  
1638  830  
1642  839  
1651  854  
1659  866  
1666  879  
1671  895  
1675  915  
1676  947  
1671  964  
1660  981  
1641  996  
1611  1005  
1579  1008  
1538  1005  
1506  1004  
1460  1004  
1410  1009  
1369  1017  
1306  1028  
1251  1028  
1203  1021  
1166  1013  
1129  1004  
1076  987  
1054  971  
1041  951  
1032  929  
1027  907  
1027  888  
1035  862  
1049  844  
1277  767  
1278  772  
1280  774  
1286  778  
1296  783  
1306  782  
1368  755  

