2052  679  
2058  696  
2063  713  
2067  731  
2070  751  
2070  783  
2065  803  
2034  833  
1999  844  
1951  858  
1882  881  
1827  890  
1762  890  
1700  881  
1625  876  
1510  885  
1433  885  
1358  875  
1279  867  
1202  869  
1105  872  
1042  862  
996  848  
956  835  
922  824  
899  813  
882  792  
876  773  
874  752  
873  735  
874  721  
879  704  
883  697  
891  692  
899  687  
1289  616  
1287  615  
1287  611  
1290  606  
1298  598  
1316  584  
1330  574  
1348  566  
1368  561  
1390  561  
1422  571  
1443  582  
1465  595  
1487  607  
1509  614  
1532  616  
1567  612  
1591  605  
1617  594  
1642  582  
1665  570  
1692  555  
1704  549  
1712  547  
1712  546  
2373  793  
2373  794  
2364  796  
2348  801  
2325  807  
2279  817  
2242  825  
2198  831  
2150  836  
2103  839  
2028  841  
1969  846  
1919  856  
1884  865  
1856  867  
1820  862  
1803  853  
1794  842  
1791  829  
1791  813  

