1372  764  
1378  771  
1383  774  
1535  778  
1532  774  
1533  778  
1537  789  
1545  809  
1551  821  
1556  832  
1560  842  
1563  852  
1567  869  
1568  881  
1568  894  
1568  907  
1568  919  
1566  927  
1561  938  
1556  943  
1549  946  
1540  947  
1530  947  
1508  946  
1487  945  
1456  944  
1422  944  
1391  943  
1363  943  
1310  943  
1263  943  
1223  944  
1198  944  
1182  943  
1166  939  
1161  934  
1158  928  
1161  919  
1289  741  
1289  738  
1291  738  
1297  739  
1307  737  
1353  721  
1359  725  
1360  726  
1363  734  

