1538  779  
1537  777  
1537  777  
1537  777  
1539  784  
1541  791  
1546  798  
1551  807  
1556  816  
1562  829  
1565  838  
1567  846  
1567  856  
1563  867  
1558  880  
1545  902  
1533  920  
1517  936  
1494  948  
1461  958  
1406  971  
1376  981  
1343  993  
1299  1002  
1247  1005  
1187  1001  
1155  996  
1115  993  
1072  990  
1038  988  
1012  984  
975  972  
942  954  
910  929  
887  902  
873  881  
869  859  
873  846  
880  833  
888  821  
895  810  
900  806  
1180  752  
1176  753  
1174  751  
1178  752  
1187  750  
1211  744  
1230  739  
1251  735  
1272  731  
1290  728  
1309  724  
1317  723  
1555  811  
1552  809  
1552  809  

