1552  809  
1552  809  
1553  809  
1554  810  
1555  811  
1557  815  
1559  820  
1561  827  
1563  836  
1565  843  
1567  850  
1568  859  
1569  869  
1569  884  
1569  895  
1567  906  
1564  920  
1559  933  
1552  944  
1538  957  
1526  964  
1509  971  
1485  978  
1451  985  
1396  997  
1364  1008  
1325  1020  
1272  1027  
1220  1028  
1155  1028  
1105  1029  
1055  1032  
1016  1036  
981  1040  
942  1040  
885  1029  
859  1014  
843  992  
834  967  
829  939  
829  896  
833  876  
840  860  
849  845  
861  832  
1169  772  
1172  778  
1176  781  
1185  784  
1193  788  
1200  788  
1319  732  
1321  738  
1323  742  
1327  747  
1330  750  
1340  756  
1568  772  
1572  778  

