1693  886  
1696  888  
1697  887  
1697  887  
1695  887  
1690  885  
1682  884  
1663  882  
1644  881  
1619  883  
1591  888  
1567  893  
1548  899  
1521  906  
1503  910  
1481  911  
1456  912  
1435  910  
1412  905  
1401  899  
1394  893  
1389  887  
1385  881  
1382  872  
1380  866  
1380  860  
1379  854  
1378  848  
1378  842  
1377  834  
1377  830  
1376  826  
1376  822  
1375  820  
1375  818  
1375  818  
1374  818  
1374  821  
1374  826  
1374  837  
1374  844  
1376  852  
1377  861  
1379  870  
1379  878  
1380  889  
1379  896  
1376  902  
1370  908  
1362  914  
1341  921  
1316  925  
1278  931  
1235  938  
1199  945  
1157  951  
1121  953  
1078  956  
1039  959  
1010  962  
979  963  
911  961  
869  956  
842  948  
825  939  
810  930  
788  914  
775  903  
765  893  
757  884  
752  875  
750  862  
751  853  
755  845  
761  837  
768  830  
777  822  
791  811  
800  804  
810  798  
821  793  
833  789  
852  786  
864  785  
875  787  
886  791  
894  793  
1031  831  
1030  833  
1031  834  
1031  834  
1031  834  
1031  834  
1032  835  
1030  834  
1137  843  

