1559  694  
1559  694  
1559  694  
1559  695  
1559  697  
1560  699  
1562  702  
1563  707  
1564  712  
1566  721  
1569  727  
1571  733  
1573  740  
1576  749  
1581  763  
1584  773  
1587  782  
1590  790  
1593  798  
1596  805  
1599  815  
1600  820  
1600  825  
1597  829  
1593  833  
1582  839  
1573  843  
1561  847  
1547  852  
1530  858  
1498  866  
1467  869  
1431  871  
1398  871  
1368  867  
1337  863  
1265  863  
1215  870  
1176  880  
1134  888  
1083  892  
1019  890  
983  884  
933  880  
879  882  
842  886  
804  890  
777  889  
749  884  
723  878  
703  871  
689  862  
673  847  
664  837  
658  827  
653  815  
649  803  
647  782  
647  768  
649  754  
653  742  
660  730  
677  715  
690  706  
705  700  
721  695  
739  692  
755  690  
778  691  
793  694  
802  697  
1081  711  
1080  711  
1077  710  
1074  712  
1070  714  
1068  715  
1068  715  
1068  715  
1068  715  
1070  715  
1071  714  
1072  711  
1072  710  
1072  709  
1072  709  
1069  707  
1066  707  
1268  722  
1270  718  
1267  713  
1267  711  
1265  711  
1263  710  
1260  710  
1255  713  
1252  715  
1252  717  
1252  719  
1254  720  
1257  720  
1262  719  
1262  719  
1262  720  
1260  719  
1653  703  
1653  703  
1651  703  
1651  703  
1651  705  
1651  708  

