1781  786  
1777  785  
1784  798  
1791  812  
1798  826  
1805  839  
1810  851  
1813  867  
1811  875  
1803  882  
1791  886  
1776  884  
1752  874  
1736  862  
1721  850  
1707  840  
1698  832  
1692  828  
1691  828  
1693  833  
1697  842  
1702  852  
1707  863  
1709  876  
1707  884  
1700  891  
1686  895  
1663  894  
1616  886  
1588  878  
1570  871  
1556  862  
1544  856  
1532  847  
1526  844  
1525  844  
1525  843  
1530  846  
1538  851  
1553  866  
1567  882  
1588  917  
1618  970  
1650  1017  
1679  1059  
1686  1086  
1687  1115  
1682  1145  
1670  1173  
1636  1206  
1602  1219  
1556  1222  
1500  1217  
1435  1203  
1374  1179  
1301  1129  
1262  1094  
1231  1064  
1211  1036  
1204  1007  
1222  938  
1797  838  
1795  849  
1799  859  
1805  873  
1813  888  

