1810  821  
1805  831  
1801  840  
1796  849  
1791  858  
1784  867  
1769  878  
1756  885  
1742  890  
1727  893  
1710  894  
1666  896  
1620  900  
1576  908  
1543  917  
1513  924  
1473  929  
1404  932  
1369  933  
1331  934  
1277  937  
1225  940  
1179  943  
1158  945  
1137  948  
1115  952  
1105  956  
2031  545  
2029  540  
2030  537  
2030  536  
2029  535  
2029  535  
2029  540  
2028  547  
2027  557  
2026  570  
2026  585  
2030  614  
2032  636  
2035  659  
2037  683  
2037  709  
2035  749  
2030  772  
2022  790  
2013  802  
2001  809  
1988  811  
1966  807  
1954  800  
1945  788  
1938  771  
1932  749  
1928  712  
1927  686  
1928  661  
1931  637  
1934  616  
1938  592  
1939  580  
1940  572  
1940  568  
1940  568  
1940  571  
1941  586  
1940  603  
1938  625  
1936  649  
1935  675  
1932  717  
1928  746  
1921  774  
1910  797  
1897  814  
1875  829  
1858  834  
1839  834  
1820  829  
1803  819  
1791  804  
1779  771  
1775  743  
1773  714  
1773  687  
1775  662  
1776  631  
1777  617  
1777  606  
1775  599  
1773  597  
1771  597  
1765  608  
1761  620  
1757  636  
1753  655  
1748  675  
1738  709  
1728  733  
1714  756  
1695  776  
1672  792  
1624  810  
1585  820  
1544  831  
1496  840  
1438  845  
1382  844  
1303  838  
1242  838  
1189  844  
1141  850  

