2087  0  
1977  0  
1892  0  
1843  0  
1834  0  
1591  0  
1577  0  
1575  0  
1751  570  
1755  566  
1753  559  
1752  556  
1752  555  
1752  555  
1752  555  
1752  558  
1754  565  
1755  573  
1756  581  
1758  592  
1760  605  
1763  618  
1766  639  
1767  654  
1768  669  
1767  684  
1764  697  
1757  714  
1749  722  
1738  727  
1724  728  
1709  726  
1687  718  
1675  709  
1664  698  
1656  687  
1650  675  
1645  662  
1640  641  
1639  628  
1637  616  
1637  602  
1637  590  
1636  575  
1636  567  
1636  562  
1636  559  
1636  557  
1636  557  
1637  559  
1638  564  
1640  571  
1640  580  
1641  592  
1641  612  
1643  627  
1643  642  
1643  658  
1643  672  
1639  692  
1635  704  
1630  715  
1623  722  
1614  726  
1603  726  
1586  721  
1574  712  
1563  701  
1554  688  
1546  673  
1535  648  
1530  631  
1524  613  
1520  595  
1517  577  
1514  553  
1513  539  
1512  528  
1512  520  
1512  514  
1512  512  
1513  512  
1515  517  
1517  525  
1520  537  
1523  553  
1528  581  
1531  603  
1535  627  
1540  653  
1545  682  
1553  731  
1558  766  
1561  799  
1561  826  
1560  849  
1557  871  

