1704  671  
1700  662  
1695  658  
1691  659  
1679  674  
1669  690  
1657  711  
1642  734  
1623  759  
1589  792  
1563  808  
1537  821  
1510  828  
1479  829  
1439  822  
1420  809  
1407  792  
1398  770  
1391  747  
1387  726  
1382  700  
1379  688  
1377  683  
1375  682  
1373  685  
1369  703  
1367  722  
1367  744  
1368  769  
1372  796  
1381  834  
1388  859  
1393  888  
1397  922  
1396  959  
1391  992  
1372  1036  
1350  1059  
1320  1078  
1282  1094  
1237  1105  
1173  1109  
1131  1104  
1090  1093  
1057  1077  
1037  1057  
1025  1015  
1025  973  
1030  921  
1039  875  
1054  840  
1076  806  
1116  756  
1143  728  
1172  705  
1761  702  
1762  703  
1764  703  
1767  706  
1770  711  
1776  721  
1782  730  
1787  741  
1792  752  
1797  765  
1802  777  
1806  796  
1806  807  
1803  816  
1795  825  
1784  832  
1759  840  
1743  842  
1728  842  
1715  842  
1700  839  
1678  833  
1664  828  
1651  822  
1639  816  
1629  809  
1621  801  
1614  788  
1611  778  
1608  766  
1607  756  
1605  747  
1603  738  
1602  735  
1601  734  
1601  733  
1601  734  
1600  736  
1600  745  
1600  754  
1602  766  
1604  777  
1606  789  
1609  803  
1610  810  
1610  817  
1610  823  
1607  828  
1600  834  
1592  839  
1583  842  
1574  845  
1565  849  
1555  852  
1540  855  
1530  856  
1519  857  
1507  857  
1496  855  
1478  851  
1466  847  
1455  843  
1445  838  
1437  832  
1428  822  
1424  815  
1420  808  
1417  802  
1416  795  
1414  789  
1412  780  
1411  777  
1410  774  
1409  773  
1409  773  
1408  772  
1408  772  
1408  771  
1408  771  
1408  771  
1408  771  
1408  771  
1409  771  
1409  772  
1409  773  
1410  774  
1411  776  
1412  778  
1414  783  
1415  787  
1418  792  
1421  798  
1424  804  
1428  813  
1430  819  
1432  825  
1434  829  
1435  833  
1437  836  
1438  840  
1438  841  
1438  841  

