1849  735  
1854  743  
1859  757  
1866  774  
1875  800  
1879  816  
1881  831  
1881  844  
1879  856  
1872  868  
1863  871  
1849  869  
1825  862  
1798  851  
1777  837  
1756  817  
1747  804  
1742  794  
1738  788  
1737  788  
1737  802  
1739  816  
1742  829  
1743  842  
1742  855  
1734  871  
1725  876  
1713  877  
1699  871  
1678  860  
1652  847  
1611  829  
1592  817  
1579  806  
1571  797  
1565  792  
1563  792  
1565  797  
1571  807  
1578  820  
1588  837  
1612  876  
1637  927  
1659  989  
1672  1033  
1676  1062  
1674  1091  
1657  1136  
1637  1164  
1606  1185  
1565  1198  
1513  1202  
1425  1187  
1373  1162  
1328  1128  
1288  1093  
1250  1063  
1212  1023  
1206  992  
1219  955  
1234  933  

