1587  453  
1591  453  
2130  641  
2132  635  
2114  645  
2086  658  
2044  672  
1986  686  
1911  702  
1768  728  
1678  744  
1605  758  
1548  767  
1503  768  
1471  759  
1450  739  
1449  728  
1452  726  
1455  732  
1455  754  
1439  812  
1416  849  
1387  885  
1351  935  
1290  991  
1183  1033  
1116  1044  
1051  1050  
1008  1049  
988  1038  
982  1008  
990  918  
1000  866  
1021  833  
1058  805  
1108  782  
1187  765  
1899  588  
1908  601  
1920  620  
1931  642  
1939  667  
1942  703  
1936  727  
1923  749  
1903  769  
1877  785  
1827  796  
1791  794  
1762  783  
1742  765  
1729  743  
1715  706  
1709  686  

