1808  825  
1783  825  
1760  822  
1740  819  
1715  811  
1701  806  
1688  799  
1678  792  
1669  784  
1663  775  
1656  758  
1653  746  
1652  735  
1650  724  
1649  714  
1648  699  
1647  691  
1646  686  
1646  684  
1646  683  
1646  684  
1646  687  
1648  693  
1651  702  
1654  715  
1656  728  
1658  749  
1660  764  
1662  779  
1663  792  
1665  802  
1664  814  
1661  818  
1656  820  
1649  820  
1641  819  
1628  814  
1619  808  
1611  801  
1605  792  
1600  781  
1596  768  
1591  745  
1588  731  
1586  717  
1584  704  
1583  693  
1582  682  
1581  679  
1581  678  
1581  678  
1581  680  
1582  689  
1584  699  
1585  712  
1586  726  
1586  741  
1586  756  
1582  777  
1579  788  
1576  796  
1573  801  
1567  804  
1555  805  
1547  804  
1540  798  
1534  791  
1530  780  
1526  766  
1522  743  
1519  729  
1518  715  
1516  702  
1515  692  
1514  684  
1513  682  
1513  682  
1513  683  
1513  687  
1513  698  
1513  710  
1513  721  
1512  734  
1510  747  
1508  760  
1502  778  
1495  789  
1484  797  
1466  804  
1442  810  
1402  815  
1373  816  
1345  816  
1313  815  
1275  815  
1218  819  
1184  824  
1149  829  
1111  834  
1074  836  
1043  837  
1010  837  
996  838  
985  837  
1610  854  
1617  852  
1639  851  
1663  850  
1699  850  
1721  850  
1742  851  
1763  850  
1783  850  
1796  850  
1798  851  
1788  853  
1766  855  
1740  856  
1713  855  
1658  853  
1609  855  
1565  861  
1533  868  
1503  873  
1456  874  
1430  871  
1414  865  
1406  858  
1401  851  
1399  843  
1399  833  
1401  828  
1403  825  
1405  823  
1405  823  
1405  823  
1401  826  
1396  830  
1388  835  
1380  840  
1369  847  
1362  851  

