1088  852  
1022  848  
1005  844  
1786  771  
1795  772  
1798  774  
1797  775  
1791  776  
1774  779  
1756  781  
1736  782  
1712  784  
1685  786  
1655  787  
1604  790  
1571  791  
1538  791  
1504  790  
1468  787  
1419  777  
1392  767  
1371  756  
1354  744  
1339  730  
1324  710  
1316  695  
1309  682  
1305  670  
1301  658  
1299  647  
1298  635  
1297  630  
1297  629  
1297  629  
1297  633  
1298  648  
1300  664  
1303  681  
1306  703  
1309  726  
1313  749  
1317  780  
1317  795  
1317  804  
1314  809  
1310  810  
1299  805  
1291  797  
1282  786  
1275  772  
1268  756  
1259  729  
1255  711  
1252  693  
1249  678  
1247  666  
1246  657  
1245  649  
1245  648  
1246  650  
1248  657  
1250  668  
1253  692  
1253  712  
1253  733  
1250  752  
1245  768  
1236  783  
1229  788  
1223  788  
1216  784  
1210  774  
1205  759  
1198  732  
1192  713  
1187  695  
1183  681  
1179  670  
1176  660  
1175  658  
1175  658  
1175  664  
1176  677  
1180  707  
1182  734  
1185  764  
1188  794  
1191  821  
1192  847  
1188  895  
1183  937  
1176  976  
1163  1003  
1142  1021  
1092  1039  
1055  1047  
1022  1053  
990  1056  
953  1054  
892  1039  
858  1018  
835  984  
820  943  
809  903  
802  870  
799  824  
804  787  
814  746  
830  706  
851  674  
893  632  
907  618  
1800  519  
1805  520  
1802  517  
1802  517  
1802  517  
1802  518  
1802  521  

