2290  663  
2284  668  
2266  677  
2223  694  
2143  720  
2098  732  
2051  744  
1973  765  
1915  784  
1851  804  
1784  820  
1726  830  
1676  836  
1595  847  
1551  860  
1519  872  
1493  880  
1470  884  
1448  886  
1443  886  
1443  885  
1447  882  
1457  878  
1480  868  
1496  860  
1511  852  
1526  843  
1539  835  
1551  828  
1569  819  
1580  813  
1591  808  
1599  805  
1604  804  
1605  803  
1605  803  
1604  805  
1601  808  
1592  813  
1573  824  
1556  833  
1538  843  
1518  854  
1492  867  
1459  878  
1403  892  
1372  903  
1340  920  
1290  945  
1232  968  
1174  992  
1135  1005  
1087  1019  
1042  1033  
1011  1046  
985  1056  
948  1065  
929  1067  
916  1067  
907  1067  
901  1067  
899  1067  
899  1068  
900  1070  
902  1074  
904  1081  
907  1098  
907  1112  
905  1129  
897  1149  
884  1169  
864  1189  
819  1215  
782  1228  
746  1237  
714  1241  
687  1240  
656  1229  
642  1217  
633  1200  
629  1178  
628  1150  
634  1107  
643  1082  
657  1057  
674  1033  
694  1007  
722  978  

