1819  906  
1826  934  
1827  946  
1823  952  
1811  953  
1789  947  
1762  934  
1730  907  
1716  890  
1703  878  
1693  870  
1685  868  
1680  873  
1680  884  
1680  897  
1681  910  
1680  921  
1675  934  
1666  940  
1654  942  
1639  938  
1625  929  
1614  917  
1600  898  
1592  888  
1587  881  
1583  876  
1582  874  
1581  873  
1580  872  
1580  872  
1580  872  
1580  872  
1580  872  
1580  872  
1580  872  
1580  872  
1580  873  
1581  873  
1581  873  
1582  873  
1583  873  
1585  873  
1588  874  
1592  879  
1597  884  
1601  891  
1606  901  
1611  916  
1618  948  
1620  971  
1618  993  
1611  1011  
1600  1024  
1586  1033  
1562  1044  
1541  1050  
1515  1055  
1479  1061  
1435  1066  

