1550  919  
1544  956  
1536  987  
1523  1009  
1502  1024  
1450  1040  
1406  1050  
1365  1059  
1318  1066  
1265  1068  
1187  1062  
1135  1055  
1078  1048  
1027  1042  
986  1036  
939  1025  
867  984  
837  944  
819  908  
803  880  
788  856  
770  815  
762  780  
759  743  
761  708  
766  676  
785  631  
804  602  
827  576  
851  555  
879  537  
910  522  
966  508  
1005  500  
1049  496  
1591  687  
1607  683  
1625  681  
1643  679  
1663  676  
1688  674  
1699  674  
1706  673  
1708  673  
1706  674  
1692  679  
1675  683  
1653  687  
1628  691  
1601  696  
1571  701  
1524  706  
1489  707  
1456  706  
1428  702  
1405  695  
1380  683  
1369  674  
1361  665  
1356  655  
1352  647  
1348  641  
1347  636  
1346  636  
1347  637  
1350  641  
1353  649  
1358  666  
1361  681  
1363  700  
1365  722  
1367  748  
1367  791  
1365  817  
1362  839  
1357  859  
1348  881  
1327  911  
1261  961  
1212  980  
1173  989  
1124  991  
1067  991  
994  982  
933  961  
868  929  
829  898  
807  874  
779  831  
768  793  
766  745  
773  699  

