1370  1072  
1331  1075  
1290  1076  
1251  1075  
1221  1072  
1200  1069  
1194  1068  
1642  1149  
1640  1146  
1643  1144  
1651  1141  
1664  1135  
1693  1121  
1717  1109  
1743  1096  
1775  1084  
1811  1073  
1859  1062  
1881  1057  
1896  1054  
1905  1051  
1909  1049  
1905  1047  
1895  1045  
1879  1045  
1855  1048  
1819  1052  
1776  1058  
1715  1068  
1670  1075  
1621  1079  
1575  1082  
1534  1084  
1473  1088  
1436  1090  
1407  1091  
1388  1092  
1379  1092  
1377  1095  
1384  1099  
1396  1108  
1412  1120  
1432  1133  
1452  1149  
1479  1179  
1492  1203  
1499  1227  
1501  1251  
1498  1274  
1476  1303  

