1449  1319  
1411  1330  
1366  1334  
1318  1331  
1251  1310  
1212  1284  
1177  1250  
1147  1214  
1124  1182  
1111  1157  
1109  1149  
1698  1193  
1688  1197  
1687  1198  
1690  1197  
1697  1193  
1710  1186  
1724  1177  
1749  1163  
1769  1153  
1791  1144  
1816  1134  
1844  1123  
1882  1108  
1903  1102  
1918  1099  
1929  1097  
1934  1097  
1935  1097  
1931  1098  
1921  1098  
1904  1099  
1881  1099  
1851  1099  
1787  1099  
1739  1101  
1691  1105  
1638  1110  
1580  1116  
1493  1126  
1434  1132  
1381  1138  
1338  1143  
1300  1147  
1270  1150  
1240  1150  
1229  1149  
1225  1147  
1228  1146  
1230  1146  
1838  1055  
1838  1055  
1838  1055  
1837  1054  
1837  1054  

