2078  908  
2079  908  
2080  909  
2080  912  
2080  917  
2077  923  
2072  929  
2062  937  
2046  945  
2023  953  
1975  966  
1944  972  
1922  976  
1903  979  
1884  980  
1850  983  
1818  985  
1783  985  
1754  984  
1732  983  
1705  978  
1684  973  
1662  964  
1639  954  
1614  942  
1592  929  
1572  910  
1565  903  
1559  901  
1554  901  
1549  907  
1540  921  
1536  932  
1532  945  
1529  959  
1526  972  
1523  995  
1523  1009  
1524  1022  
1527  1033  
1532  1042  
1539  1049  
1552  1054  
1563  1055  
1575  1055  
1588  1052  
1602  1048  
1621  1040  
1632  1033  
1639  1025  
1642  1016  
1640  1006  
1627  988  
1612  974  
1597  958  
1585  942  
1576  925  
1568  909  
1557  894  
1551  890  
1545  890  
1540  892  
1536  895  
1528  909  
1523  921  
1519  932  
1515  944  
1511  957  
1507  976  
1504  989  
1500  1001  
1493  1011  
1482  1021  
1467  1029  
1439  1038  
1419  1043  
1396  1049  
1372  1054  
1346  1060  
1301  1065  
1267  1065  
1232  1063  
1199  1059  
1167  1055  
1111  1050  
1071  1050  
1032  1049  
999  1049  
962  1046  

