1655  728  
1664  719  
1681  703  
1721  671  
1757  646  
1795  620  
1831  596  
1864  574  
1893  555  
1927  532  
1942  521  
1949  515  
1950  512  
1948  512  
1934  518  
1912  527  
1880  540  
1837  554  
1784  567  
1723  578  
1617  594  
1537  604  
1452  610  
1370  611  
1298  609  
1208  601  
1163  592  
1131  583  
1110  576  
1099  570  
1096  566  
1098  566  
1104  568  
1114  575  
1129  588  
1147  607  
1180  647  
1201  683  
1219  726  
1234  774  
1243  819  
1251  900  
1253  981  
1251  1043  
1241  1082  
1218  1119  
1153  1159  
1089  1173  
1020  1176  
949  1169  
877  1150  
806  1119  
695  1063  
642  1025  
601  961  
564  886  
545  835  
548  774  
562  729  
583  689  
608  659  
636  640  
675  626  
696  624  
712  624  
724  628  
730  632  
732  635  
727  646  
716  654  
1373  411  
1369  413  
1370  410  
1373  403  
1378  381  
1383  361  
1389  337  

