2342  1162  
2341  1161  
2329  1164  
2313  1167  
2293  1171  
2266  1175  
2227  1179  
2150  1182  
2091  1184  
2031  1185  
1971  1187  
1915  1187  
1856  1189  
1760  1194  
1698  1199  
1642  1204  
1590  1210  
1544  1216  
1483  1224  
1446  1228  
1417  1230  
1396  1231  
1383  1231  
1375  1231  
1231  1383  
1224  1391  
1222  1393  
1224  1389  
1227  1381  
1228  1369  
1228  1352  
1228  1332  
1226  1294  
1226  1264  
1226  1230  
1231  1195  
1237  1161  
1254  1111  
1271  1083  
1294  1061  
1324  1043  
1356  1027  
1415  1011  
1467  1009  
1516  1014  
1558  1027  
1610  1041  
1664  1052  
1719  1072  
1750  1089  
1779  1109  
1802  1132  
1817  1154  
1823  1177  
1816  1186  
1798  1192  
1771  1194  
1738  1195  
1679  1195  
1635  1196  
1585  1200  
1530  1204  
1468  1211  
1404  1220  
1319  1235  
1266  1245  
1213  1255  
1161  1263  
1105  1271  
1024  1279  
976  1284  
936  1287  
898  1290  
864  1292  
1255  601  
1253  598  
1255  605  
1263  625  
1269  647  

