1638  856  
1612  858  
1599  859  
1590  861  
1584  862  
1579  863  
1573  865  
1568  867  
1563  868  
1558  870  
1551  872  
1539  876  
1530  877  
1519  879  
1507  879  
1493  879  
1478  876  
1457  871  
1447  867  
1440  863  
1435  861  
1432  858  
1429  856  
1427  854  
1425  852  
1423  852  
1421  852  
1417  852  
1413  854  
1411  856  
1409  858  
1406  861  
1402  865  
1394  873  
1387  878  
1379  885  
1372  896  
1364  914  
1345  958  
1323  995  
1294  1027  
1264  1052  
1238  1077  
1204  1117  
1182  1142  
1164  1162  
1149  1178  
1137  1189  
1130  1195  
1128  1196  
1133  1189  
1144  1174  
1160  1151  
1179  1124  
1207  1086  
1227  1063  
1255  1039  
1290  1007  
1324  963  
1351  908  
1353  887  
1351  873  
1343  862  
1332  854  
1314  850  
1278  849  
1249  854  
1222  861  
1202  867  
1189  871  
1172  874  

