1719  420  
1729  420  
1737  421  
1739  422  
1738  424  
1735  424  
1732  204  
1738  221  
1740  241  
1745  286  
1751  322  
1760  362  
1772  406  
1784  454  
1802  531  
1813  585  
1822  642  
1829  700  
1830  763  
1825  821  
1796  890  
1766  937  
1732  987  
1680  1028  
1603  1049  
1467  1066  
1361  1078  
1250  1084  
1131  1082  
1016  1080  
862  1065  
775  1042  
706  1015  
665  975  
646  918  
635  868  
632  823  
642  797  
663  769  
694  743  
729  725  
776  711  
798  707  
812  707  
820  708  
824  710  
825  710  
825  711  
824  711  
826  714  
826  710  
1352  427  
1348  426  
1341  430  
1328  440  
1311  455  
1278  480  
1257  495  
1242  508  
1234  520  
1235  530  
1245  539  
1280  552  
1313  558  
1349  562  
1384  565  
1415  569  
1448  574  
1458  577  
1460  581  
1450  587  
1430  597  
1382  613  
1345  622  
1307  631  
1273  640  

