1420  921  
1410  888  
1396  860  
1372  825  
1356  804  
1337  783  
1316  763  
1293  746  
1254  729  
1227  722  
1199  718  
1170  717  
1138  717  
1084  721  
1045  728  
1007  735  
973  743  
940  752  
906  763  
857  779  
823  790  
785  799  
740  806  
698  806  
649  802  
619  799  
586  797  
550  795  
515  792  
471  787  
444  784  
416  782  
384  781  
366  778  
1739  651  
1735  647  
1724  643  
1696  642  
1665  641  
1623  641  
1572  640  
1514  636  
1418  626  
1361  619  
1316  609  
1283  595  
1261  577  
1247  556  
1240  512  
1245  476  
1256  441  
1269  412  
1285  389  
1315  363  
1338  349  
1363  340  
1390  338  
1419  342  
1466  361  
1497  383  
1528  411  
1559  444  

