1767  607  
1764  622  
1761  641  
1758  664  
1756  706  
1754  739  
1750  772  
1746  802  
1741  827  
1735  847  
1721  874  
1704  891  
1671  916  
1614  947  
1557  972  
1475  995  
1406  1008  
1339  1024  
1266  1032  
1195  1031  
1099  1029  
1036  1030  
983  1033  
924  1030  
870  1017  
837  991  
810  939  
797  901  
789  868  
786  837  
792  802  
815  736  
837  694  
861  659  
887  629  
916  608  
944  589  
1301  1191  
1306  1191  
1306  1192  
1304  1195  
1295  1201  
1289  1205  
1284  1205  
1283  1204  
1283  1201  
1287  1198  
1288  1200  
1289  1206  
1289  1215  
1288  1220  
1288  1218  
1291  1209  

