1050  780  
984  778  
927  777  
876  777  
831  778  
770  777  
732  773  
704  769  
686  766  
674  764  
672  764  
1695  807  
1695  805  
1706  797  
1724  784  
1749  765  
1808  723  
1853  692  
1897  659  
1941  627  
1983  596  
2023  568  
2077  535  
2103  520  
2121  510  
2130  506  
2132  505  
2125  511  
2110  522  
2084  539  
2048  559  
2003  581  
1920  617  
1852  643  
1774  668  
1692  693  
1612  719  
1529  744  
1397  775  
1319  788  
1246  799  
1176  812  
1103  823  
1009  826  
965  825  
929  824  
902  824  
885  824  
873  824  
870  824  
870  825  
872  826  
1710  523  
1713  522  
1715  522  
1717  524  
1720  526  
1727  537  
1732  549  
1740  565  
1748  584  
1758  606  
1773  644  
1778  672  
1777  701  
1772  728  
1762  752  
1746  771  
1715  784  
1692  784  
1670  776  
1649  761  
1626  740  

