1880  1071  
1879  1072  
1876  1073  
1873  1076  
1868  1078  
1857  1083  
1847  1086  
1831  1090  
1810  1095  
1785  1099  
1743  1106  
1714  1112  
1685  1118  
1654  1123  
1623  1128  
1573  1134  
1539  1138  
1505  1141  
1470  1143  
1437  1146  
1409  1147  
1376  1148  
1359  1146  
1344  1143  
1332  1139  
1323  1134  
1313  1123  
1306  1114  
1298  1106  
1289  1099  
1280  1092  
1268  1086  
1260  1085  
1251  1084  
1242  1086  
1234  1090  
1226  1097  
1217  1112  
1212  1126  
1208  1142  
1205  1157  
1205  1173  
1208  1194  
1214  1204  
1222  1212  
1234  1217  
1247  1218  
1267  1213  
1280  1206  
1293  1197  
1304  1188  
1311  1177  
1315  1165  
1315  1148  
1311  1139  
1307  1130  
1300  1121  
1293  1112  
1279  1101  
1268  1095  
1255  1090  
1241  1086  
1228  1085  
1212  1084  
1204  1085  
1198  1089  
1192  1095  
1187  1103  
1184  1113  
1182  1130  
1180  1143  
1179  1156  
1178  1172  
1177  1188  
1176  1213  

