2112  903  
2099  900  
2085  897  
2056  893  
2025  892  
1986  892  
1950  895  
1924  901  
1896  911  
1880  918  
1863  923  
1843  926  
1817  927  
1793  928  
1768  928  
1756  926  
1747  923  
1742  919  
1739  913  
1735  902  
1734  895  
1734  888  
1733  881  
1733  875  
1733  868  
1733  864  
1733  863  
1733  862  
1733  863  
1733  866  
1733  870  
1733  874  
1732  879  
1731  884  
1728  893  
1726  899  
1724  904  
1720  910  
1716  914  
1708  919  
1702  920  
1697  920  
1690  917  
1684  910  
1677  902  
1669  887  
1665  879  
1662  873  
1660  868  
1659  863  
1658  859  
1658  858  
1658  857  
1658  858  
1658  862  
1658  865  
1658  869  
1656  873  
1652  877  
1645  883  
1629  893  
1615  899  
1601  904  
1589  907  
1580  907  
1571  904  
1567  898  
1564  893  
1563  887  
1562  882  
1561  875  
1561  871  
1561  867  
1561  865  
1561  863  
1562  862  
1562  863  
1562  864  
1562  867  
1562  871  
1561  875  
1560  879  
1560  884  
1558  890  
1556  898  
1554  904  
1551  911  
1547  919  
1542  926  
1536  933  
1523  942  
1513  948  
1500  952  
1482  956  
1458  960  
1419  965  
1396  968  
1376  972  
1358  977  
1335  982  
1280  988  
1239  989  
1207  989  
1184  987  
1162  982  
1149  978  
1629  758  
1626  750  
1625  755  
1624  764  
1621  778  
1619  786  
1617  792  
1617  795  
1616  796  
1616  793  
1616  789  
1619  781  
1622  774  
1626  767  
1633  759  
1639  757  
1649  760  
1661  771  
1676  790  
1689  810  
1879  958  
1883  958  
1885  957  
1889  954  
1893  952  
1900  948  
1907  946  
1915  943  
1924  941  
1933  940  
1943  939  
1956  939  
1960  939  
1958  940  
1952  942  

