1724  185  
1732  196  
1739  211  
1747  231  
1757  255  
1768  282  
1779  315  
1796  370  
1807  410  
1815  449  
1822  487  
1823  527  
1810  587  
1788  625  
1753  660  
1703  693  
1641  722  
1520  759  
1419  774  
1316  781  
1214  786  
1107  792  
1004  792  
887  787  
829  784  
781  778  
737  768  
703  758  
692  754  
1303  1085  
1315  1079  
1343  1068  
1376  1061  
1418  1056  
1498  1055  
1543  1058  
1580  1061  
1611  1061  
1634  1062  
1647  1062  
1649  1062  
1637  1061  
1873  258  

