1977  529  
1979  532  
1981  535  
1982  540  
1983  545  
1983  552  
1984  563  
1984  572  
1982  582  
1980  592  
1975  603  
1966  620  
1958  631  
1949  641  
1938  653  
1925  663  
1911  674  
1882  688  
1859  698  
1832  707  
1803  716  
1771  724  
1722  734  
1688  739  
1652  743  
1613  749  
1572  754  
1505  762  
1453  766  
1399  768  
1350  769  
1301  769  
1250  771  
1173  776  
1117  778  
1059  778  
1006  776  
959  773  
892  770  
852  768  
815  765  
779  759  
745  752  
705  738  
688  727  
676  716  
670  702  
668  689  
669  677  
679  659  
689  644  
702  631  
719  619  
738  607  
770  584  
783  575  
667  670  
667  668  
668  668  
668  667  
667  669  
666  672  
664  675  
663  678  
661  681  
659  685  
655  691  
651  696  
645  702  
638  708  
631  715  
617  723  
607  728  
597  733  
585  738  
572  743  
550  750  
535  755  
518  759  
500  763  
483  767  
465  770  
438  774  
420  776  
402  777  
386  777  
370  777  
348  777  
335  776  
324  776  
314  776  
305  776  
297  776  
289  776  
285  776  
284  776  
284  777  
285  777  
288  778  
292  778  
298  778  
306  778  
320  777  
330  776  
341  774  
353  773  
366  771  
379  769  
400  765  
414  763  
427  760  
440  758  
451  756  
467  753  
476  751  
483  748  
486  743  
1462  516  
1462  512  
1462  517  
1459  526  
1453  540  
1444  559  
1440  567  
1438  570  
1438  571  

