1898  487  
1906  495  
1923  515  
1935  531  
1947  549  
1956  565  
1961  580  
1962  592  
1956  602  
1949  604  
1938  602  
1925  595  
1909  585  
1881  567  
1863  557  
1849  550  
1842  545  
1838  544  
1835  549  
1830  558  
1825  571  
1820  582  
1816  590  
1809  595  
1784  595  
1761  589  
1739  579  
1718  568  
1697  552  
1671  530  
1656  519  
1646  511  
1641  506  
1640  504  
1640  507  
1642  513  
1646  524  
1651  541  
1657  561  
1663  582  
1665  613  
1660  633  
1648  652  
1626  672  
1594  691  
1529  719  
1468  735  
1395  748  
1321  758  
1245  767  
1128  778  

