1550  795  
1546  743  
1541  709  
1534  678  
1527  650  
1521  624  
1514  588  
1513  566  
1513  546  
1516  528  
1523  514  
1532  503  
1557  494  
1580  493  
1608  500  
1640  512  
1676  528  
1734  558  
1774  581  
1815  606  
1857  634  
1897  661  
1950  704  
1980  732  
2006  759  
2027  782  
2045  800  
2057  815  
2064  829  
2062  835  
2050  838  
2028  839  
1995  839  
1936  840  
1899  843  
1853  843  
1793  839  
1731  831  
1636  819  
1566  818  
1491  818  
1410  813  
1335  807  
1262  805  
1151  812  
1073  814  
1003  813  
942  811  
885  814  
815  822  
772  826  
731  828  
700  828  
679  828  
664  830  
1691  918  
1710  929  
1711  929  
1719  936  
1731  939  
2034  835  
2035  833  
2040  833  
2047  834  
2056  834  
2066  835  
2077  835  
2100  836  
2119  836  
2143  837  
2171  836  
2203  836  
2251  836  
2282  836  
2308  836  

