1473  316  
1492  315  
1514  321  
1539  333  
1581  363  
1615  391  
1650  424  
1684  462  
1717  504  
1762  572  
1789  619  
1814  667  
1836  719  
1856  771  
1869  816  
1877  867  
1876  897  
1871  927  
1861  953  
1843  969  
1796  978  
1760  975  
1726  964  
1684  941  
1623  909  
1554  876  
1531  857  
1513  833  
1500  802  
1493  765  
1492  727  
1497  679  
1503  655  
1513  636  
1523  621  
1535  610  
1552  603  
1562  603  
1572  608  
1582  617  
1592  632  
1606  662  
1616  685  
1626  711  
1635  739  
1643  767  
1649  794  
1655  825  
1656  840  
1656  855  
1650  870  
1636  887  
1600  923  
1573  944  
1547  959  
1517  969  
1471  977  
1390  990  
1339  999  

