1384  976  
1373  977  
1367  979  
1362  979  
1358  980  
1354  980  
1350  981  
1348  981  
1346  983  
1344  984  
1342  986  
1342  988  
1118  901  
1129  887  
1144  875  
1160  868  
1175  864  
1198  862  
1218  862  
1254  862  
1301  866  
1342  871  
1392  875  
1433  874  
1475  869  
1508  862  
1531  854  
1550  847  
1571  839  
1577  837  
1578  837  
1577  837  
1570  840  
1552  849  
1536  860  
1516  872  
1493  886  
1460  902  
1406  929  
1376  948  
1342  969  
1289  989  
1226  1002  
1176  1009  
1094  1019  
1037  1027  
989  1036  
935  1042  
883  1042  
833  1038  
811  1035  
795  1031  
786  1029  
781  1025  
1216  1137  
1213  1133  
1215  1132  
1215  1134  
1213  1136  
1212  1137  
1213  1139  
1212  1139  
1214  1140  
1132  624  
1154  608  
1240  580  
1307  574  

