1804  1347  
1889  1337  
1926  1331  
1949  1327  
1960  1326  
1962  1325  
1960  1324  
1954  1321  
1941  1317  
1932  1315  
1907  505  
1899  476  
1886  466  
1865  457  
1835  451  
1796  449  
1725  457  
1674  471  
1627  493  
1586  523  
1551  559  
1515  622  
1506  664  
1514  705  
1536  745  
1571  782  
1620  809  
1706  841  
1761  856  
1829  860  
1894  855  
1944  847  
2016  843  
2044  843  
2055  843  
2055  840  
2045  835  
2023  829  
1969  823  
1925  824  
1877  827  
1811  828  
1735  825  
1617  821  
1527  824  
1428  824  
1333  816  
1244  813  
1100  821  
1004  822  
916  825  
838  834  
767  843  
700  844  
634  838  
605  834  
581  833  
564  832  

