1074  720  
1088  721  
1100  725  
1103  727  
1104  727  
1104  728  
1105  728  
1104  729  
1102  727  
1802  72  
1803  71  
1805  75  
1809  86  
1813  107  
1822  145  
1829  176  
1837  209  
1847  244  
1858  283  
1877  353  
1889  407  
1899  462  
1909  518  
1916  573  
1918  630  
1908  716  
1890  773  
1862  823  
1820  864  
1771  899  
1699  956  
1625  985  
1550  995  
1484  993  
1410  991  
1304  987  
1225  975  
1164  960  
1108  948  
1057  938  
1026  927  
1001  914  
990  908  
980  902  
967  902  
961  906  
1700  578  
1688  568  
1677  555  
1658  526  
1643  500  

