2019  1165  
2036  1164  
2055  1164  
2064  1163  
2070  1163  
2072  1163  
2073  1163  
2069  1163  
2063  1162  
2055  1162  
2044  1163  
2030  1164  
2006  1165  
1989  1165  
1970  1166  
1952  1167  
1935  1168  
1920  1169  
1899  1170  
1889  1171  
1881  1171  
1877  1169  
2047  641  
2050  643  
2050  645  
2052  649  
2055  652  
2057  656  
2060  661  
2065  667  
2074  679  
2082  689  
2089  701  
2095  713  
2100  724  
2104  737  
2107  757  
2108  770  
2106  782  
2101  793  
2092  803  
2071  816  
2050  821  
2023  826  
1989  831  
1951  837  
1900  850  
1866  859  
1820  864  
1769  865  
1726  862  
1684  857  
1601  856  
1552  863  
1513  870  
1466  872  
1417  871  
1364  862  
1333  855  
1297  850  
1258  849  
1225  851  
1197  856  
1186  858  
1178  859  
1172  860  
1172  861  
1765  1022  
1766  1023  
1765  1022  
1764  1026  
1761  1026  
2388  947  
2390  946  
2389  946  
2387  946  
2383  946  
2377  946  
2369  947  
2358  948  
2336  950  
2319  952  
2298  954  
2274  955  
2247  957  
2201  960  
2168  962  
2137  964  
2110  969  
2087  975  
2046  986  
2010  993  
1974  999  
1949  1001  
1936  1003  
1928  1003  
1925  1001  
1931  1009  
1930  1019  
1927  1023  
1923  1027  
1919  1030  
1911  1034  
1904  1036  
1896  1038  
1884  1040  
1869  1042  
1851  1043  
1814  1045  
1790  1047  

