2096  692  
2090  690  
2080  687  
2063  684  
2029  677  
2003  671  
1976  664  
1949  655  
1924  644  
1899  626  
1892  612  
1891  597  
1895  581  
1900  569  
1908  558  
1924  543  
1939  535  
1957  529  
1974  528  
1990  530  
2012  540  
2029  553  
2046  568  
2063  587  
2081  609  
2099  634  
2124  675  
2139  704  
2151  736  
2160  768  
2165  799  
2161  843  
2147  871  
2125  895  
2095  919  
2040  944  
1916  978  
1834  990  
1740  1003  
1626  1012  
1506  1005  
1400  1003  
1229  998  
1123  979  
1032  962  
937  938  
847  912  
746  880  
686  854  
649  827  
625  802  
609  779  
601  744  
606  715  
1984  377  
1965  374  
1954  376  
1947  378  

