1332  1052  
1298  1060  
1256  1067  
1215  1073  
1150  1081  
1096  1087  
1042  1092  
996  1096  
953  1099  
889  1099  
850  1098  
834  1097  
1592  727  
1584  729  
1577  732  
1575  735  
1858  1096  
1850  1096  
1847  1093  
1848  1084  
1850  1076  
1852  1065  
1854  1051  
1857  1036  
1860  1010  
1863  987  
1866  961  
1870  933  
1876  905  
1884  881  
1899  855  
1912  842  
1927  831  
1943  822  
1962  815  
1993  811  
2011  811  
2026  814  
2041  818  
2054  824  
2069  833  
2076  840  
2082  848  
2085  857  
2087  867  
2087  877  
2083  895  
2078  912  
2071  930  
2059  950  
2039  972  
1995  1004  
1961  1017  
1933  1024  
1912  1025  
1893  1025  
1867  1020  
1849  1015  
1829  1008  
1809  1000  
1793  990  
1782  979  
1771  965  
1767  957  
1765  951  
1763  948  
1763  946  
1763  948  
1763  951  
1763  957  
1761  964  
1756  977  
1750  988  
1744  998  
1736  1008  
1727  1017  
1716  1025  
1693  1037  
1670  1044  
1641  1050  
1607  1053  
1575  1053  
1534  1053  
1505  1051  
1469  1051  
1432  1051  
1399  1051  
1373  1052  
1343  1049  
1869  791  
1868  789  
1866  792  
1863  799  
2119  1088  
2134  1084  
2149  1084  
2160  1082  
2171  1079  
2183  1077  
2200  1073  
2211  1070  
2220  1067  

