1792  1138  
2040  668  
2037  662  
2039  656  
2043  654  
2043  653  
2043  652  
2043  655  
2044  659  
2044  665  
2045  674  
2046  684  
2047  705  
2047  723  
2047  743  
2047  765  
2047  784  
2043  808  
2038  820  
2030  830  
2014  837  
1986  844  
1932  857  
1897  868  
1857  879  
1801  885  
1745  886  
1692  882  
1585  892  
1525  910  
1465  924  
1400  934  
1343  944  
1226  962  
1156  971  
1120  972  
1892  1014  
1872  1011  
1860  1011  
1842  1011  
1818  1012  
1790  1014  
1751  1020  
1732  1024  
1714  1028  
1706  1031  
1889  938  
1889  937  
1888  937  
1885  938  
1877  939  
1869  940  
1859  941  
1843  941  
1821  942  
1783  945  
1756  947  
1733  948  
1712  950  
1683  953  
1619  956  
1578  958  
1550  959  
1529  961  
1510  962  
1488  963  
1448  966  
1424  968  
1406  971  
1392  975  
1381  980  
1369  991  
1363  999  
1360  1007  
1360  1014  
1362  1023  
1369  1035  
1377  1043  
1389  1050  
1404  1057  
1422  1064  

