1252  970  
1294  970  
1321  969  
1342  967  
1359  965  
1375  964  
1407  963  
1435  963  
1469  963  
1500  962  
1527  962  
1554  962  
1622  959  
1677  956  
1716  954  
1751  953  
1799  952  
1869  951  
1911  953  
1977  955  
2053  956  
2111  956  
2196  956  
2258  953  
2317  950  
2372  947  
2397  943  
1723  472  
1723  470  
1725  474  
1273  1062  
1264  1063  
1263  1060  
1263  1054  
1268  1037  
1272  1016  
1276  976  
1278  915  
1277  860  
1273  823  
1264  763  
1256  718  
1248  678  
1241  643  
1237  612  
1242  574  
1252  555  
1268  541  
1291  531  
1322  527  
1386  530  
1442  540  
1508  557  
1581  576  
1658  601  
1736  629  
1852  677  
1920  711  
1974  748  
2018  782  
2049  810  
2071  839  
2069  851  
2049  858  
2001  861  
1940  867  
1851  877  
1774  875  
1689  863  
1591  861  
1478  868  

