1933  806  
1930  806  
2206  790  
2199  788  
2188  792  
2168  796  
2126  802  
2093  804  
2055  804  
2014  804  
1970  804  
1912  806  
1878  806  
1841  806  
1801  804  
1764  800  
1722  788  
1703  778  
1690  765  
1685  750  
1686  732  
1694  710  
1715  678  
1733  659  
1752  642  
1773  629  
1792  622  
1817  620  
1832  623  
1848  630  
1865  641  
1881  656  
1900  684  
1909  706  
1912  728  
1911  751  
1905  775  
1888  799  
1840  829  
1789  843  
1736  851  
1674  853  
1593  862  
1458  886  
1361  889  
1255  899  
1143  917  
1045  923  
884  922  
787  921  
707  907  
640  882  
574  856  
513  835  
468  797  
451  759  
446  720  
452  682  
469  649  
507  612  
538  594  
566  583  
590  577  
608  576  
622  580  
625  588  
626  601  
625  604  
1666  496  
1663  493  
1669  493  
1684  494  
1710  493  
1743  490  
1795  484  
1826  481  
1852  478  
1872  478  
1884  478  
1889  479  
1885  483  
1879  482  
2205  737  

