1345  844  
1345  834  
1346  826  
1353  818  
1363  817  
1379  820  
1404  828  
1443  839  
1466  847  
1926  1035  
1916  1030  
1911  1027  
1907  1024  
1904  1022  
1902  1021  
1902  1020  
1904  1019  
1908  1019  
1915  1019  
1923  1019  
1933  1021  
1946  1022  
1952  1024  
1953  1025  
1951  1026  
1943  1029  
1920  1031  
1899  1032  
1870  1032  
1829  1033  
1778  1036  
1731  1040  
1657  1050  
1600  1053  
1548  1055  
1502  1057  
1453  1061  
1391  1068  
1361  1071  
1339  1075  
1320  1077  
1307  1078  
1295  1078  
1291  1076  
1290  1074  
1290  1070  
1291  1066  
1293  1061  
1295  1055  
1297  1051  
1298  1048  
1299  1046  
1298  1045  
1298  1047  
1297  1049  
1296  1053  
1296  1058  
1294  1068  
1291  1075  
1286  1083  
1280  1090  
1273  1096  
1265  1101  
1252  1107  
1243  1109  
1235  1109  
1229  1107  
1224  1104  
1219  1096  
1216  1091  
1215  1086  
1214  1084  
1214  1082  
1213  1082  
1213  1083  
1213  1086  
1211  1090  
1209  1095  
1205  1098  
1197  1103  
1189  1104  
1181  1105  
1174  1104  
1167  1102  
1159  1097  
1155  1092  
1151  1088  
1149  1084  
1147  1080  
1146  1076  
1145  1073  
1144  1072  
1146  1076  
1148  1081  
1150  1086  
1152  1093  
1154  1100  
1156  1114  

