1490  603  
1513  635  
1522  661  
1523  691  
1513  725  
1493  760  
1438  804  
1393  820  
1348  829  
1298  834  
1246  841  
1215  846  
1203  847  
1207  842  
2132  862  
2129  863  
2116  865  
2100  862  
2080  859  
2048  854  
1998  851  
1944  852  
1876  857  
1824  859  
1771  856  
1733  852  
1708  849  
1676  845  
1660  844  
1650  845  
1648  846  
1641  737  
1637  736  
1637  737  
1637  744  
1638  751  
1640  761  
1640  774  
1638  788  
1636  810  
1633  821  
1627  831  
1615  838  
1597  844  
1574  852  
1535  866  
1499  874  
1456  878  
1422  880  
1407  880  
1398  881  
1397  882  
1397  880  
1948  786  
1950  790  
1945  793  
1933  798  
1914  804  
1873  811  
1835  813  
1789  812  
1744  806  
1705  795  
1672  780  
1635  744  
1618  713  
1607  679  
1600  649  
1595  626  
1585  607  
1578  603  
1570  607  
1563  619  
1558  636  
1554  667  
1553  691  
1549  718  
1539  750  
1521  784  
1498  813  
1446  841  
1404  852  
1365  856  
1326  856  

