977  630  
980  640  
981  647  
983  655  
983  662  
984  669  
982  680  
979  687  
975  694  
968  703  
959  712  
947  720  
923  730  
904  737  
881  743  
857  749  
830  755  
783  763  
746  765  
707  765  
668  764  
632  761  
595  757  
532  750  
485  747  
431  738  
1342  568  
1346  572  
1350  572  
1355  573  
1361  572  
1368  571  
1519  578  
1526  578  
1529  577  
1525  572  
1376  484  
1375  475  
1381  466  
1217  401  
1211  376  
1212  359  
1219  344  
1230  329  
1246  314  
1281  296  
1310  285  
1344  276  
1381  272  
1421  271  
1481  279  
1516  292  
1545  308  
1567  329  
1583  353  
1596  392  
1595  421  
1584  450  
1565  482  
1537  514  
1504  546  
1446  595  
1402  629  
1355  665  
1307  704  
1259  745  
1193  806  
1152  843  
1112  879  
1077  918  
1055  960  
1042  1017  
1044  1046  
1058  1070  

