1383  461  
1390  471  
1398  481  
1410  495  
1426  512  
1447  532  
1484  568  
1509  594  
1533  623  
1555  652  
1574  683  
1596  733  
1604  767  
1606  799  
1603  824  
1593  844  
1578  862  
1551  892  
1529  915  
1501  935  
1458  948  
1409  958  
1343  975  
1283  983  
1222  984  
1182  981  
1154  981  
1129  981  
1098  977  
1087  966  
1082  955  
1390  289  
1381  293  
1380  299  
1380  301  
1384  303  
1389  305  
1395  305  
1401  303  
1406  301  
1410  299  
1410  297  

