931  1236  
885  1237  
822  1241  
783  1243  
747  1246  
716  1248  
691  1249  
662  1252  
649  1255  
640  1258  
635  1260  
635  1262  
1969  586  
1968  577  
1970  572  
1970  564  
1972  554  
1973  537  
1973  523  
1971  510  
1969  498  
1968  488  
1965  482  
1962  480  
1960  481  
1958  485  
1957  493  
1956  505  
1956  528  
1960  547  
1965  568  
1971  592  
1977  619  
1987  664  
1994  698  
2001  735  
2007  773  
2013  808  
2017  837  
2011  887  
1993  940  
1968  992  
1946  1027  
1929  1048  
1895  1076  
1861  1094  
1815  1112  
1760  1129  
1704  1142  
1614  1154  
1547  1161  
1471  1168  
1393  1175  
1319  1180  
1247  1182  
1141  1181  
1066  1179  
992  1175  
921  1172  
852  1167  
756  1156  
695  1145  
642  1131  
618  1126  
2521  429  
2515  430  
2510  427  
2504  427  

