1869  921  
1849  924  
1816  927  
1755  928  
1721  930  
1670  935  
1397  966  
1377  968  
1366  970  
1360  972  
1358  972  
1359  972  
1362  972  
1365  972  
1896  919  
1867  925  
1835  927  
1798  927  
1761  928  
1720  932  
1683  934  
1403  953  
1382  954  
1367  955  
1350  958  
1339  960  
1327  962  
1312  964  
1299  965  
1284  966  
1278  967  
1275  967  
1272  967  
1269  967  
1264  967  
1260  967  
1257  966  
1254  966  
1252  965  
1249  964  
1243  963  
1239  962  
1237  961  
1236  960  
1236  959  
1235  959  
1235  960  
1237  964  
1241  966  
2083  936  
2081  934  
2083  936  
2081  936  
2077  936  
2073  937  
2067  938  
2058  938  
2041  938  
2025  938  
2005  940  
1981  941  
1957  942  
1930  944  
1916  946  
1903  947  
1893  948  
1884  949  
1871  949  
1861  949  
1849  949  
1832  949  
1811  949  
1791  951  
1764  952  
1747  954  
1735  955  
1724  956  
1711  958  
1687  960  
1664  963  
1635  966  
1604  968  
1576  969  
1548  969  
1533  970  
1518  970  
1504  971  
1488  971  
1469  971  
1438  972  
1421  974  
1407  974  
1395  975  

