2309  1084  
2321  1082  
2337  1080  
2357  1076  
2375  1072  
2398  1066  
2408  1062  
2414  1061  
2415  1060  
2414  1060  
2397  1063  
2372  1067  
2338  1072  
2295  1078  
2240  1086  
2137  1102  
2060  1118  
1980  1135  
1903  1148  
1830  1158  
1762  1166  
1681  1175  
1640  1179  
1608  1181  
1585  1181  
1571  1181  
1561  1179  
1560  1177  
1560  1176  
1561  1175  
1562  1170  
1562  1161  
1563  1149  
1563  1132  
1561  1100  
1559  1077  
1561  1053  
1565  1026  
1575  986  
1614  905  
1647  870  
1673  851  
1696  837  
1718  826  
1741  817  
1784  809  
1812  809  
1838  811  
1858  816  
1871  822  
1883  832  
1884  841  
1883  852  
1878  867  
1870  884  
1852  915  
1831  939  
1804  963  
1776  986  
1749  1008  
1723  1028  
1676  1053  
1635  1067  
1594  1078  
1555  1090  
1515  1100  
1442  1118  
1391  1130  
1343  1140  
1299  1149  
1256  1156  
1196  1166  
1158  1171  
1122  1174  
1090  1176  
1067  1177  
1051  1175  
1578  519  
1576  519  
1576  524  
1579  543  
1583  563  
1587  588  
1594  617  
1602  651  
1611  697  
1613  722  

