2096  447  
2035  445  
1974  445  
1913  448  
1856  452  
1779  454  
1733  452  
1691  446  
1655  436  
1623  424  
1588  399  
1578  377  
1579  352  
1589  327  
1598  316  
1542  797  
1543  792  
1544  789  
1545  784  
1545  777  
1545  760  
1542  745  
1540  730  
1537  717  
1534  706  
1531  695  
1528  687  
1528  685  
1527  684  
1528  686  
1530  692  
1536  708  
1540  723  
1546  741  
1552  763  
1559  788  
1564  820  
1564  838  
1560  856  
1554  879  
1548  909  
1544  947  
1539  997  
1534  1020  
1525  1036  
1509  1049  
1484  1061  
1425  1079  
1378  1090  
1327  1100  
1270  1109  
1211  1117  
1114  1124  
1047  1128  
986  1132  
925  1133  
864  1133  
804  1129  
717  1118  
669  1114  
627  1109  
1167  828  
1162  834  
1150  841  
1139  850  
1129  858  
1119  869  
1117  876  
1119  882  
1124  889  
1132  896  
1147  908  
1156  917  
1160  927  
1157  937  
1145  948  
1098  961  
1053  970  
1009  981  
979  986  
1285  1121  
1284  1119  
1287  1119  
1290  1117  
1293  1115  
1299  1113  
1311  1109  
1321  1106  
1335  1102  
1352  1098  
1373  1093  
1413  1084  
1445  1078  
1479  1073  
1513  1068  
1547  1065  
1616  1062  

