1604  670  
1609  669  
1618  669  
1625  671  
1634  675  
1643  680  
1653  688  
1667  707  
1676  724  
1685  745  
1695  770  
1705  795  
1715  819  
1726  851  
1732  874  
1738  903  
1742  939  
1744  973  
1741  1014  
1736  1031  
1731  1043  
1726  1051  
1719  1056  
1703  1059  
1689  1057  
1674  1051  
1659  1042  
1643  1028  
1626  1004  
1599  948  
1583  910  
1571  883  
1562  868  
1556  857  
1549  841  
1545  833  
1540  826  
1535  820  
1531  815  
1526  810  
1525  807  
1524  806  
1524  805  
1524  804  
1524  803  
1524  801  
1524  800  
1523  800  
1523  799  
1522  798  
1521  798  
1520  798  
1518  798  
1515  800  
1509  804  
1504  808  
1498  812  
1491  818  
1484  824  
1476  830  
1459  841  
1444  849  
1427  858  
1411  868  
1394  878  

