1105  1023  
1082  1024  
1069  1022  
1066  1018  
2078  654  
2081  657  
2078  660  
2072  549  
2068  536  
2066  532  
2062  529  
2055  526  
2044  524  
2022  525  
2006  529  
1990  535  
1974  545  
1961  557  
1953  569  
1950  587  
1956  597  
1967  604  
1982  607  
1998  607  
2022  600  
2037  594  
2051  585  
2064  577  
2074  569  
2083  559  
2085  554  
2085  549  
2086  546  
2086  549  
2086  556  
2086  564  
2086  574  
2086  587  
2081  608  
2076  622  
2067  634  
2057  648  
2043  661  
2015  679  
1992  691  
1965  705  
1934  718  
1897  731  
1854  744  
1773  764  
1719  774  
1669  781  
1620  788  
1572  794  
1506  798  
1461  794  
1421  785  
1391  772  
1373  756  
1363  732  
1366  716  
1378  697  
1398  678  
1426  659  
1461  638  
1519  607  
1559  585  
1578  576  
1997  440  
2002  443  
2007  444  
2009  444  
2012  445  

