1609  148  
1622  156  
1636  167  
1652  181  
1679  203  
1695  216  
1710  227  
1722  236  
1732  245  
1742  257  
1745  266  
1743  268  
1719  451  
1721  454  
1723  457  
1730  468  
1738  481  
1750  498  
1764  516  
1775  535  
1787  566  
1791  587  
1794  606  
1794  620  
1792  628  
1777  632  
1761  628  
1743  619  
1725  606  
1707  589  
1690  572  
1669  549  
1660  537  
1656  531  
1655  530  
1657  533  
1664  548  
1669  564  
1673  580  
1674  596  
1675  608  
1673  615  
1660  620  
1644  620  
1622  616  
1598  608  
1573  595  
1538  571  
1517  553  
1499  536  
1486  522  
1478  513  
1476  509  
1477  510  
1480  516  
1486  529  
1493  547  
1500  568  
1505  602  
1502  624  
1487  645  
1458  666  
1415  686  
1331  712  
1267  725  
1197  735  
1117  741  
1035  741  
929  733  
868  725  
815  715  
767  702  
725  690  
691  681  
651  665  
1522  358  
1525  358  
1530  358  
1538  362  
1542  362  
1611  357  
1617  358  
1618  358  
1620  358  
1547  294  
1547  290  
1552  294  
1558  298  
1817  491  
1817  486  
1817  482  
1818  484  
1822  494  
1828  508  
1837  527  

