1674  321  
1679  325  
1684  342  
1691  371  
1701  408  
1724  470  
1738  511  
1751  556  
1762  604  
1765  660  
1751  760  
1731  824  
1706  871  
1658  948  
1588  1023  
1511  1058  
1364  1111  
1257  1141  
1140  1159  
1020  1165  
909  1162  
757  1132  
671  1098  
608  1062  
548  1003  
501  920  
491  819  
503  757  
521  693  
549  633  
588  580  
635  535  
718  485  
772  465  
821  457  
863  455  
897  459  
930  469  
942  476  
949  481  
953  485  
953  488  
953  493  
951  495  
949  495  
1157  354  
1160  356  
1163  356  
1165  358  
1169  364  
1170  367  
1352  575  
1350  575  
1353  577  
1355  579  
1356  576  
1357  571  
1362  558  
1368  539  
1376  514  
1392  468  
1406  433  
1422  397  
1437  364  

