2217  1031  
2196  1036  
2149  1048  
2110  1056  
2062  1063  
1998  1068  
1929  1069  
1817  1067  
1738  1068  
1667  1069  
1597  1065  
1538  1055  
1464  1034  
1425  1017  
1404  995  
1397  970  
1402  947  
1415  929  
1452  909  
1486  902  
1515  899  
1538  902  
1558  916  
1583  955  
1592  986  
1591  1014  
1580  1036  
1563  1057  
1520  1100  
1481  1139  
1442  1181  
1412  1222  
1393  1255  
1386  1280  
1397  1305  
1417  1313  
1449  1311  
1491  1299  
1532  1277  
1582  1237  
1604  1210  
1619  1184  
1626  1159  
1626  1136  
1617  1117  
1592  1099  
1569  1094  
1547  1092  
1525  1092  
1506  1093  
1477  1097  
1454  1099  
1428  1100  
1400  1102  
1368  1103  
1315  1105  
1273  1106  
1227  1106  
1180  1106  
1129  1106  
1073  1107  

