1444  1073  
1480  1085  
1504  1094  
1526  1103  
1548  1112  
1567  1123  
1586  1142  
1592  1153  
1594  1165  
1594  1178  
1589  1189  
1573  1205  
1554  1215  
1529  1223  
1497  1231  
1459  1236  
1421  1241  
1364  1245  
1325  1248  
1281  1249  
1233  1250  
1181  1251  
1097  1250  
1044  1250  
996  1247  
951  1244  
908  1239  
867  1231  
817  1214  
795  1199  
781  1182  
776  1162  
780  1140  
804  1107  
830  1088  
866  1070  
920  1051  
953  1039  
1784  952  
1786  951  
1797  953  
1810  952  
1825  949  
1841  946  
1863  940  
1878  935  
1893  930  
1912  924  
1940  920  
1983  918  
2052  921  
2081  926  
2101  930  
2122  933  
2144  935  
2179  936  
2202  937  
2218  938  
2228  939  
2232  939  
2233  939  
2232  939  
2231  939  
2228  939  
2225  939  
2222  938  
2220  938  
2219  938  

