1207  1131  
1256  1081  
1298  1048  
1341  1008  
1379  960  
1418  915  
1491  864  
1531  836  
1564  812  
1594  793  
1623  780  
1651  773  
1695  778  
1726  790  
1761  810  
1804  832  
1845  856  
1883  894  
1897  931  
1908  973  
1916  1007  
1916  1028  
1891  1048  
1848  1057  
1781  1064  
1702  1071  
1612  1072  
1509  1067  
1340  1066  
1228  1062  
1112  1056  
1011  1055  
926  1055  
828  1043  
781  1029  
1313  30  
1312  26  
1311  25  
1312  27  
1314  30  
1318  33  
1323  40  
1330  55  
1345  97  
1358  135  
1371  177  
1384  226  
1398  280  
1413  338  
1435  429  
1447  489  
1456  550  
1461  609  
1465  663  
1473  744  
1482  795  
1489  834  
1494  865  
1496  891  
1497  912  
1497  930  
1496  934  
1494  935  
1492  933  
1488  926  
1935  803  
1938  805  
1936  808  
1931  813  
1921  822  

