1059  527  
1069  533  
1075  541  
1079  559  
1292  844  
1292  827  
1299  807  
1311  776  
1330  731  
1369  659  
1397  617  
1424  579  
1449  546  
1473  517  
1497  492  
1537  466  
1565  456  
1594  454  
1622  458  
1648  470  
1686  499  
1710  525  
1731  552  
1747  579  
1758  605  
1764  643  
1758  665  
1744  684  
1720  698  
1688  707  
1646  708  
1571  698  
1515  686  
1458  672  
1405  653  
1361  631  
1313  596  
1291  573  
1277  553  
1268  537  
1265  524  
1266  514  
1270  512  
1277  513  
1286  520  
1295  535  
1305  557  
1318  598  
1325  632  
1331  671  
1335  717  
1338  768  
1344  831  
1348  868  
1350  920  
1345  979  
1326  1027  
1279  1073  
1239  1096  
1194  1115  
1140  1127  
1078  1130  
1019  1123  
939  1099  
887  1073  
842  1038  
809  988  
783  927  
762  852  
762  807  
773  760  
791  718  
814  687  
858  655  

