1574  1262  
1574  1261  
1575  1261  
1578  1261  
1582  1261  
1593  1261  
1603  1261  
1617  1263  
1632  1265  
1650  1267  
1681  1271  
1706  1272  
1735  1273  
1768  1273  
1805  1273  
1844  1272  
1902  1268  
1938  1265  
1976  1261  
2015  1257  
2057  1252  
2124  1242  
2169  1234  
2212  1224  
2250  1213  
2285  1201  
2332  1182  
2357  1168  
2377  1155  
2391  1141  
2399  1127  
2401  1112  
2394  1090  
2383  1075  
2366  1061  
2344  1050  
2318  1043  
2274  1037  
2241  1037  
2205  1040  
2169  1046  
2135  1053  
2089  1068  
2057  1080  
2024  1092  
1991  1106  
1960  1123  
1933  1140  
1895  1165  
1869  1183  
1841  1201  
1810  1219  
1780  1236  
1737  1259  
1715  1273  
1695  1286  
1681  1295  
1670  1302  
1663  1307  
1661  1305  
1662  1302  
2037  779  
2037  767  
2038  759  
2041  759  
2043  760  
2045  764  
2046  771  
2046  783  
2046  810  
2048  830  
2052  853  
2059  882  
2064  921  
2065  961  
2061  1010  
2057  1031  
2059  1046  
2143  902  
2143  905  
2142  914  
2304  1199  
2305  1199  
2308  1196  
2308  1195  
2304  1195  
2289  1199  
2273  1202  
2254  1205  
2231  1208  
2204  1210  
2156  1213  
2118  1215  
2077  1218  
2034  1222  
1986  1226  
1912  1232  
1857  1237  
1797  1241  
1736  1245  
1679  1248  
1623  1252  
1541  1258  
1485  1262  
1432  1266  
1384  1270  
1342  1274  
1289  1279  
1257  1282  
1228  1285  
1202  1289  

