1372  245  
1340  255  
1315  264  
1301  274  
1294  280  
1296  280  
1333  382  
1335  383  
1336  394  
1337  412  
1339  449  
1341  479  
1343  513  
1345  551  
1348  591  
1353  655  
1354  704  
1354  759  
1355  811  
1358  857  
1361  944  
1361  1003  
1359  1042  
1358  1074  
1360  1101  
1361  1126  
1361  1149  
1361  1153  
1355  177  
1332  180  
1310  190  
1295  200  
1288  214  
1292  222  
1303  235  
1316  250  
1328  265  
1334  280  
1327  300  
1310  312  
1283  327  
1249  340  
1770  555  
1774  557  
1776  559  
1777  571  
1777  597  
1778  617  

