1292  1096  
1236  1108  
1178  1121  
1117  1133  
1026  1150  
973  1161  
922  1170  
868  1175  
1322  1098  
1321  1096  
1324  1097  
1326  1097  
1328  1097  
1331  1096  
1335  1096  
1345  1095  
1357  1095  
1372  1094  
1391  1094  
1414  1094  
1462  1093  
1500  1093  
1540  1093  
1584  1093  
1636  1093  
1718  1089  
1783  1087  
1857  1086  
1928  1086  
1998  1089  
2066  1091  
2155  1096  
2209  1099  
2258  1101  
2302  1103  
2341  1102  
2356  1101  
1887  534  
1889  534  
1886  530  
1886  527  
1886  523  
1887  518  
1888  513  
1889  505  
1888  490  
1886  478  
1886  465  
1886  449  
1887  432  
1890  409  
1892  393  
1893  377  
1896  358  
1899  338  
1905  305  
1909  282  
1911  260  
1913  241  
1913  225  
1913  213  
1914  199  
1915  194  
1916  191  
1916  192  
1916  194  
1916  196  
1918  199  
1919  204  
1921  207  
1922  210  
1923  213  
1924  216  
1926  218  
1927  220  
1929  221  
1930  223  
1931  225  
1929  225  
880  1185  
881  1187  
879  1184  
879  1183  

