1329  541  
1913  614  
1920  623  
1923  630  
1928  641  
1934  656  
1941  674  
1952  705  
1960  729  
1966  752  
1972  774  
1976  795  
1979  823  
1977  841  
1970  859  
1955  882  
1937  912  
1906  959  
1882  981  
1846  998  
1792  1012  
1735  1028  
1672  1043  
1559  1048  
1481  1047  
1397  1052  
1313  1060  
1233  1062  
1125  1053  
1058  1049  
1006  1047  
962  1042  
915  1031  
858  989  
838  946  
828  904  
825  871  
826  845  
831  818  
846  770  
859  737  
872  709  
884  688  
893  675  
902  663  
905  660  
906  659  
905  658  
909  655  
1264  577  
1264  580  
1263  576  
1264  567  
1268  557  
1275  544  
1283  532  
1292  521  
1305  505  
1312  496  
1319  487  
1325  480  
1332  476  
1342  474  
1351  476  
1361  482  
1372  492  
1384  505  
1397  520  
1418  545  
1431  563  
1444  579  
1458  594  
1473  606  
1491  618  
1501  623  
1507  626  
1510  629  
1511  630  
1511  637  
1508  645  
1495  686  

