1160  874  
1144  874  
1122  874  
1095  870  
1067  866  
1029  857  
1007  851  
986  845  
962  840  
937  836  
903  832  
884  831  
868  830  
855  829  
843  828  
827  829  
818  830  
1514  632  
1508  622  
1506  619  
1503  617  
1499  616  
1486  620  
1472  627  
1456  636  
1442  645  
1431  655  
1421  672  
1417  685  
1417  699  
1423  712  
1432  723  
1446  730  
1472  732  
1491  727  
1510  718  
1527  704  
1541  690  
1556  673  
1562  664  
1564  655  
1564  647  
1564  640  
1562  635  
1561  633  
1560  633  
1560  634  
1560  637  
1562  643  
1568  658  
1572  674  
1575  695  
1578  720  
1580  745  
1580  780  
1578  800  
1571  820  
1558  840  
1543  860  
1518  893  
1501  919  
1478  947  
1448  973  
1416  999  
1385  1024  
1330  1055  
1281  1071  
1228  1084  
1172  1095  
1111  1107  

