1245  707  
1165  710  
1079  722  
997  737  
892  772  
828  802  
762  832  
701  861  
658  896  
605  987  
563  1051  
534  1095  
524  1143  
529  1188  
560  1242  
590  1270  
624  1297  
642  1309  
1772  181  
1743  170  
1727  178  
1704  189  
1675  202  
1640  216  
1581  242  
1541  263  
1503  288  
1474  313  
1458  335  
1455  354  
1470  375  
1491  387  
1520  395  
1554  401  
1588  404  
1635  407  
1658  411  
1672  416  
1678  422  
1675  430  
1649  450  
1617  466  
1574  486  
1523  510  
1465  538  
1404  570  
1316  624  
1264  663  
1221  708  
1187  758  
1163  805  
1144  867  
1143  912  
1151  963  
1167  1009  
1191  1046  
1225  1077  
1290  1117  
1339  1140  
1395  1158  
1459  1171  
1524  1179  
1619  1181  
1681  1174  
1743  1162  
1810  1142  
1877  1117  
1930  1084  
1542  122  
1542  121  
1546  133  
1549  138  
2152  800  
2169  795  
2186  794  

