1410  295  
1410  294  
1408  293  
1406  292  
1405  292  
1406  293  
1407  294  
1381  330  
1386  334  
1396  340  
1411  348  
1432  360  
1471  383  
1497  401  
1520  419  
1539  439  
1553  461  
1565  497  
1567  526  
1565  558  
1559  592  
1549  627  
1534  664  
1503  729  
1477  778  
1445  825  
1414  864  
1389  908  
1357  992  
1327  1040  
1290  1075  
1254  1108  
1218  1140  
1163  1183  
1125  1203  
1089  1217  
1055  1221  
1024  1214  
998  1194  
974  1151  
968  1118  
972  1085  
980  1072  
1326  280  
1321  270  
1325  273  
1337  279  

