1904  835  
1858  865  
1807  888  
1751  916  
1688  958  
1602  1000  
1464  1038  
1367  1066  
1273  1091  
1184  1107  
1100  1116  
1031  1117  
959  1098  
922  1075  
893  1047  
872  1001  
866  927  
892  835  
916  791  
941  737  
970  684  
1005  640  
1065  589  
1107  565  
1148  550  
1188  544  
1228  548  
1266  560  
1320  590  
1350  617  
1374  647  
1391  682  
1399  721  
1397  784  
1388  820  
1375  847  
1357  869  
1319  898  
1218  953  
1152  975  
1074  992  
986  1012  
887  1020  
782  1016  
638  1018  
542  1013  
458  993  
406  969  
365  945  
323  891  
805  43  
832  80  
856  126  
881  179  
918  265  
941  322  
962  380  
979  433  
993  481  
1006  535  
1004  559  

