554  832  
544  831  
1585  252  
1559  239  
1501  229  
1463  238  
1418  256  
1370  283  
1327  313  
1294  345  
1273  396  
1281  429  
1304  458  
1340  482  
1383  500  
1451  515  
1491  517  
1527  515  
1558  511  
1583  507  
1609  502  
1615  500  
1615  498  
1609  494  
1597  488  
1576  484  
1524  482  
1474  485  
1413  493  
1342  506  
1263  525  
1129  570  
1034  610  
943  657  
862  713  
787  779  
688  875  
650  949  
625  1033  
613  1107  
624  1174  
657  1236  
749  1307  
832  1340  
926  1363  
1029  1376  
1139  1381  
1307  1373  
1418  1359  
1521  1343  
1611  1326  
1684  1311  
1761  1294  
1791  1287  
1804  1282  
1806  1280  
1801  1277  
1788  1272  

