1325  411  
1323  435  
1324  463  
1327  495  
1331  530  
1336  570  
1344  632  
1350  677  
1358  726  
1368  778  
1379  825  
1394  892  
1402  941  
1409  986  
1414  1019  
1418  1043  
1423  1069  
1425  1083  
1426  1093  
1424  1099  
1421  1102  
1926  503  
1922  501  
1923  502  
1924  504  
1925  506  
1927  511  
1929  517  
1932  524  
1938  537  
1943  548  
1948  561  
1954  573  
1959  586  
1966  607  
1971  622  
1974  637  
1977  653  
1979  671  
1981  688  
1981  714  
1980  731  
1976  748  
1970  764  
1961  779  
1944  800  
1927  814  
1907  827  
1883  840  
1852  854  
1791  869  
1752  875  
1717  876  
1674  878  
1613  885  

