1587  1298  
1584  1298  
1575  1294  
1569  1294  
1371  197  
1311  193  
1281  203  
1254  224  
1227  251  
1206  279  
1194  305  
1194  347  
1207  374  
1228  398  
1257  417  
1293  427  
1351  432  
1387  433  
1417  433  
1439  433  
1453  431  
1461  431  
1460  430  
1455  429  
1444  429  
1427  429  
1402  433  
1356  442  
1319  452  
1279  467  
1235  487  
1189  514  
1117  563  
1069  601  
1024  644  
986  693  
955  750  
919  835  
904  897  
906  984  
924  1056  
949  1100  
979  1155  
1040  1242  
1092  1289  
1148  1322  
1205  1346  
1262  1363  
1347  1383  
1401  1392  
1454  1399  
1504  1400  
1549  1400  
1599  1396  
1620  1392  
1634  1387  
1642  1379  
1647  1367  
1643  1348  
1226  95  
1224  91  
1225  90  
1227  90  
1232  92  
1246  106  
1849  512  
1851  512  
1850  511  
1847  510  
1841  508  
1828  508  
1810  505  
1787  501  
1762  493  

