1886  944  
1890  944  
1892  944  
1890  944  
1884  944  
1875  944  
1860  945  
1811  948  
1765  949  
1726  952  
1677  957  
1602  963  
1505  964  
1443  966  
1386  969  
1342  973  
1288  977  
1215  976  
1193  975  
1182  974  
1176  973  
1175  973  
1176  974  
1186  980  
1585  1077  
1587  1077  
1589  1078  
1587  1081  
1584  1081  
1760  828  
1754  825  
1750  822  
1749  822  
1749  821  
1750  819  
1757  817  
1765  816  
1776  815  
1791  816  
1811  818  
1849  823  
1873  829  
1896  834  
1915  840  
1933  848  
1960  865  
1980  881  
1997  905  
2005  932  
2001  959  
1985  986  
1947  1016  
1921  1027  
1891  1034  
1849  1041  
1790  1049  
1693  1062  
1617  1066  
1533  1065  
1442  1062  
1352  1062  
1225  1056  
1144  1046  
1067  1037  
1006  1030  
953  1021  
899  1001  
851  947  
844  907  
854  874  
881  851  
921  834  
989  818  
1042  810  

