1575  904  
1573  923  
1458  576  
1452  572  
1450  569  
1452  569  
1459  569  
1467  569  
1479  570  
1492  572  
1508  575  
1526  579  
1558  585  
1582  591  
1608  598  
1635  606  
1662  613  
1705  624  
1735  630  
1768  637  
1800  645  
1832  652  
1875  661  
1899  666  
1920  670  
1935  674  
1947  678  
1954  680  
1957  682  
1955  682  
1949  683  
1936  684  
1920  685  
1886  687  
1860  689  
1832  691  
1805  694  
1779  696  
1746  701  
1727  706  
1710  712  
1695  718  
1681  725  
1667  732  
1644  744  
1628  752  
1609  761  
1588  770  
1565  779  
1527  791  
1497  798  
1462  803  
1424  807  
1388  810  
1341  811  
1308  811  
1270  811  
1232  811  
1195  814  
1154  816  
1075  817  
1026  816  
984  811  
942  806  
900  801  
841  790  
800  779  
753  765  
706  752  
687  748  
1420  943  
1417  945  
1413  951  
1516  993  
1514  988  
1515  982  
1518  976  
1520  963  
1523  946  
1530  907  
1536  878  
1543  851  
1548  824  

