1557  900  
1488  923  
1433  931  
1386  936  
1345  938  
1287  940  
1197  940  
1154  939  
1102  936  
1052  930  
1016  918  
961  893  
913  878  
870  869  
843  861  
824  852  
806  840  
780  816  
766  793  
756  765  
750  736  
749  707  
751  668  
754  644  
760  622  
767  601  
775  582  
785  561  
789  552  
792  546  
793  544  
794  543  
794  542  
795  542  
795  543  
798  550  
799  559  
1375  1068  
1374  1069  
1373  1069  
1373  1070  
1373  1071  
1374  1073  
1375  1074  
1376  1075  
1378  1075  
1380  1075  
1380  1074  
1381  1072  
1380  1071  
1379  1071  
1377  1071  
1375  1072  
1373  1073  
1372  1074  
1375  1074  
1828  605  
1829  609  
1831  615  
1836  622  
1844  633  
1855  646  
1875  671  
1888  689  
1900  708  
1910  728  
1918  749  
1928  782  
1931  803  
1932  821  
1930  838  
1925  855  
1917  873  
1903  910  
1892  937  
1879  962  
1859  982  
1826  999  
1764  1020  
1726  1032  

