833  828  
834  829  
835  835  
1447  526  
1440  507  
1436  486  
1434  452  
1435  427  
1440  398  
1448  369  
1459  343  
1471  322  
1494  298  
1513  288  
1537  284  
1565  286  
1593  295  
1630  317  
1650  336  
1666  356  
1678  375  
1685  392  
1684  413  
1677  424  
1662  433  
1640  440  
1610  444  
1572  444  
1503  442  
1450  438  
1394  434  
1338  432  
1284  432  
1206  441  
1159  452  
1116  467  
1075  489  
1038  516  
1008  545  
977  593  
968  626  
968  659  
975  694  
987  735  
1012  804  
1030  846  
1050  889  
1072  939  
1097  989  
1132  1050  
1150  1088  
1165  1130  
1178  1171  
1190  1207  

