1243  553  
1239  531  
1234  501  
1229  480  
1225  458  
1221  435  
1218  411  
1214  375  
1213  351  
1213  328  
1214  307  
1217  287  
1222  267  
1235  238  
1248  219  
1262  202  
1278  186  
1297  172  
1328  155  
1349  146  
1371  139  
1392  133  
1412  129  
1442  130  
1461  136  
1479  145  
1496  156  
1511  171  
1525  190  
1541  223  
1551  248  
1559  273  
1566  299  
1573  325  
1581  366  
1585  394  
1586  422  
1586  452  
1581  484  
1566  529  
1553  556  
1537  579  
1518  600  
1495  620  
1467  639  
1417  668  
1382  687  
1348  708  
1316  731  
1284  755  
1233  794  
1201  820  
1172  848  
1143  878  
1113  912  
1082  950  
1047  1005  
1031  1038  
1017  1068  
1007  1099  
999  1134  
994  1190  
996  1225  
1004  1256  
1018  1284  
1037  1308  
1076  1338  
1105  1351  
1134  1359  
1165  1361  
1198  1359  
1231  1353  
1280  1339  
1311  1326  
1338  1309  
1363  1290  
1384  1268  
1412  1225  
1426  1190  
1436  1152  
1443  1113  
1445  1077  
1441  1029  
1436  995  
1429  958  

