1883  696  
1863  688  
1836  675  
1801  656  
1762  633  
1704  595  
1670  570  
1643  546  
1623  522  
1609  501  
1597  477  
1594  469  
1593  465  
1595  465  
1599  469  
1606  479  
1619  507  
1628  532  
1635  558  
1639  582  
1639  604  
1633  632  
1627  647  
1618  656  
1603  661  
1579  659  
1534  643  
1500  626  
1465  605  
1431  580  
1401  554  
1376  530  
1349  502  
1338  490  
1334  485  
1334  484  
1337  487  
1350  500  
1361  517  
1374  540  
1387  570  
1402  603  
1424  664  
1437  714  
1448  771  
1453  825  
1447  874  
1430  927  
1396  1001  
1366  1039  
1325  1069  
1268  1093  
1199  1110  
1070  1123  
979  1119  
890  1102  
800  1074  
711  1041  
610  964  
548  887  
505  831  
491  782  
490  726  
501  669  
545  598  
587  562  
634  537  
677  524  
717  518  
765  522  
790  529  
809  536  
822  544  
829  550  
826  555  
815  560  
807  558  
1502  337  
1497  324  
1493  300  
1496  280  
1507  245  
1518  220  
1530  197  
1542  176  
1557  160  
1573  150  
1595  144  

