629  1060  
598  1063  
579  1061  
1584  573  
1580  557  
1580  547  
1578  536  
1576  523  
1574  510  
1570  487  
1566  474  
1562  463  
1557  454  
1553  448  
1551  446  
1551  448  
1551  454  
1552  464  
1556  478  
1563  507  
1569  530  
1576  556  
1582  585  
1587  614  
1590  645  
1595  697  
1598  738  
1598  782  
1596  820  
1590  851  
1577  917  
1570  978  
1563  1023  
1554  1051  
1539  1075  
1501  1110  
1463  1133  
1419  1155  
1374  1174  
1328  1190  
1283  1201  
1214  1206  
1168  1202  
1122  1192  
1079  1179  
1043  1164  
1003  1138  
985  1118  
973  1097  
967  1080  
968  1065  
980  1048  
993  1035  
1010  1021  
1033  1006  
1066  993  
1107  980  
1126  971  
1562  1048  
1569  1050  
1577  1053  
1589  1057  
1600  1058  
1616  1058  
1634  1059  
1656  1059  
1693  1055  
1718  1052  
1749  1049  
1790  1046  
1841  1046  
1911  1049  
1964  1050  
2023  1048  
2077  1041  
2103  1038  
1906  440  
1907  441  
1907  447  
1905  464  
1905  479  
1904  497  
1904  516  
1904  537  
1903  562  
1897  603  
1889  633  
1877  665  
1860  699  
1841  734  
1805  788  
1777  819  
1750  845  
1727  867  
1705  893  
1650  952  
1600  992  
1560  1016  
1526  1030  
1481  1044  
1425  1059  
1345  1082  

