1368  659  
1375  657  
1388  655  
1400  655  
1414  656  
1430  659  
1447  664  
1463  669  
1486  680  
1500  689  
1513  701  
1523  715  
1532  729  
1541  752  
1543  769  
1543  784  
1539  797  
1532  808  
1515  821  
1498  828  
1475  834  
1445  839  
1412  840  
1381  840  
1335  837  
1310  640  
1314  641  
1889  824  
1886  819  
1886  816  
1889  814  
1892  812  
1899  810  
1917  807  
1934  805  
1952  805  
1974  805  
2000  807  
2037  812  
2056  816  
2071  818  
2079  820  

