1725  836  
1705  837  
1679  837  
1643  838  
1599  842  
1538  851  
1491  856  
1432  856  
1379  852  
1332  845  
1275  841  
1190  845  
1140  849  
1080  848  
1026  842  
985  835  
929  826  
899  822  
880  817  
869  810  
865  801  
870  781  
881  764  
894  745  
910  730  
927  716  
945  704  
976  688  
1002  679  
1014  673  
1414  632  
1407  635  
1394  652  
1388  665  
1382  676  
1377  686  
1375  693  
1373  697  
1372  697  
1372  692  
1375  684  
1378  671  
1384  655  
1392  631  
1397  618  
1402  608  
1405  601  
1407  598  
1408  599  
1410  603  
1413  609  
1419  616  
1428  626  
1443  637  
1475  659  
1488  666  
1815  735  
1816  732  
1818  729  
1818  728  
1819  727  
1819  726  
1819  728  
1818  730  
1817  734  
1815  741  
1814  748  
1812  757  
1809  767  
1807  777  
1805  787  
1803  800  
1803  808  
1804  815  
1808  821  
1814  825  
1828  829  
1841  830  
1855  830  
1869  830  
1884  828  
1906  825  
1921  823  
1938  821  
1957  818  
1978  815  
2000  812  
2029  806  
2048  800  
2065  793  
2080  787  
2093  780  
2110  773  
2121  768  
2132  764  
2142  761  
2150  760  
2162  759  
1067  604  
1059  614  
1055  621  
1049  630  
1043  640  
1035  652  
1028  664  
1020  684  
1016  700  
1014  719  
1014  738  
1018  757  
1027  785  
1037  802  
1051  818  
1069  832  
1094  843  
1138  854  
1165  859  
1190  860  
1219  861  
1259  865  
1305  872  
1359  887  
1390  896  
1428  900  
1472  901  
1510  896  
1555  883  
1594  874  
1641  871  
1682  871  
1713  873  
1741  874  
1792  871  
1830  865  
1861  858  

