1201  1239  
1216  1278  
1225  1297  
1232  1311  
1237  1318  
1237  1321  
1231  1324  
1572  395  
1577  410  
1582  429  
1589  455  
1604  501  
1617  538  
1632  578  
1647  621  
1659  668  
1675  747  
1685  801  
1694  846  
1697  895  
1686  963  
1634  1044  
1590  1067  
1543  1084  
1485  1098  
1417  1108  
1348  1112  
1237  1101  
1161  1081  
1084  1057  
1022  1035  
976  999  
906  900  
878  852  
870  819  
871  780  
880  734  
909  667  
936  630  
966  598  
997  572  
1022  555  
1041  546  
1056  542  
1060  541  
1060  543  
1058  544  
1056  544  
1257  420  
1260  425  
1260  423  
1263  422  
1267  422  
1275  422  
1281  428  
1393  555  
1390  541  
1388  527  
1388  510  
1389  490  
1396  455  
1404  430  
1413  403  
1423  377  
1432  355  
1441  338  
1458  321  

