1894  753  
1878  750  
1856  750  
1822  746  
1758  737  
1724  729  
1702  720  
1689  709  
1682  695  
1681  672  
1686  655  
1693  640  
1702  629  
1712  622  
1729  617  
1742  619  
1758  625  
1776  637  
1798  653  
1822  674  
1857  712  
1877  740  
1894  770  
1905  797  
1908  820  
1899  851  
1884  875  
1860  904  
1818  934  
1764  961  
1664  999  
1573  1008  
1478  1006  
1382  1011  
1281  1014  
1180  1001  
1041  977  
945  955  
852  923  
779  894  
709  868  
632  825  
598  798  
575  768  
563  739  
561  711  
566  676  
572  661  
576  653  
577  650  
578  649  
577  648  
577  644  
1636  509  
1641  514  
1647  514  
1650  514  
1652  514  
1656  515  
1658  515  
2215  820  
2216  799  
2214  775  
2211  774  
2202  777  
2189  784  

