1679  1012  
1672  1014  
1665  1014  
1660  1009  
1657  997  
1661  984  
1668  971  
1678  962  
1689  959  
1699  962  
1712  981  
1720  1000  
1722  1008  
1729  1066  
1732  1068  
1735  1061  
1737  1053  
1739  1043  
1739  1029  
1739  1010  
1738  969  
1736  936  
1735  902  
1734  874  
1734  851  
1737  831  
1750  799  
1765  777  
1784  758  
1804  744  
1826  736  
1856  734  
1873  739  
1888  750  
1900  765  
1910  782  
1916  807  
1916  822  
1911  837  
1902  853  
1888  871  
1870  891  
1827  919  
1788  933  
1754  943  
1727  949  
1702  949  
1658  937  
1627  920  
1599  900  
1580  883  
1568  872  
1559  863  
1551  852  
1547  846  
1544  842  
1543  841  
1543  843  
1543  847  
1545  853  
1546  860  
1548  869  
1549  888  
1550  908  
1550  932  
1551  958  
1553  985  
1552  1007  
1543  1033  
1531  1048  
1511  1063  
1484  1077  
1449  1088  
1389  1101  
1346  1109  
1301  1113  
1252  1113  
1203  1107  
1126  1088  
1072  1071  
1027  1051  
997  1030  
975  998  
954  946  
936  867  
939  837  
949  810  
966  779  
991  745  
1057  689  
1121  655  
1189  628  

