1592  697  
1570  666  
1552  637  
1539  613  
1533  594  
1529  576  
1528  572  
1528  571  
1530  574  
1534  581  
1540  596  
1550  628  
1554  652  
1558  678  
1561  704  
1562  733  
1552  776  
1538  799  
1519  816  
1491  828  
1453  833  
1392  826  
1358  811  
1328  790  
1302  760  
1280  723  
1262  684  
1237  634  
1221  610  
1208  590  
1201  576  
1199  571  
1201  573  
1206  583  
1214  602  
1222  627  
1233  656  
1251  705  
1263  745  
1277  789  
1293  826  
1313  865  
1329  926  
1332  1022  
1324  1064  
1312  1105  
1295  1148  
1269  1191  
1208  1247  
1153  1275  
1085  1296  
1008  1308  
927  1311  
805  1296  
725  1274  
649  1242  
581  1202  
518  1152  
463  1099  
402  1016  
377  955  
368  894  
373  839  
388  788  
424  718  
454  680  
484  654  
509  638  
527  630  
542  626  
546  628  
547  637  
545  651  
2032  402  
2029  402  
2030  405  
2033  414  
2036  423  
2040  436  
2045  452  
2049  472  
2053  510  
2054  538  
2055  566  
2052  595  

