1674  1024  
1617  1027  
1563  1024  
1519  1020  
1438  1018  
1388  1020  
1351  1023  
1318  1022  
1284  1018  
1254  1008  
1222  985  
1211  963  
1209  933  
1213  898  
1224  868  
1245  837  
1255  823  
1262  810  
1265  797  
1267  786  
1267  775  
1265  772  
1261  773  
1257  780  
1251  790  
1245  802  
1229  824  
1212  841  
1193  863  
1172  891  
1146  922  
1088  961  
1041  984  
991  1007  
918  1023  
838  1026  
730  1023  
671  1023  
631  1022  
602  1018  
593  1013  
853  1170  
851  1169  
850  1169  
848  1169  
843  1170  
836  1173  
830  1175  
830  1173  
835  1170  
842  1167  
848  1168  
852  1175  
852  1181  
848  1185  
845  1187  
842  1187  
841  1186  
840  1185  
839  1187  
838  1192  

