1523  904  
1554  845  
1590  792  
1628  732  
1666  675  
1726  609  
1765  574  
1804  546  
1845  522  
1886  506  
1943  496  
1977  498  
2010  507  
2042  521  
2073  539  
2121  575  
2148  604  
2170  637  
2184  674  
2192  715  
2190  760  
2167  822  
2138  853  
2101  872  
2051  882  
1975  891  
1869  907  
1797  904  
1725  885  
1653  863  
1584  848  
1534  834  
1470  793  
1434  756  
1409  720  
1393  689  
1384  664  
1382  634  
1385  621  
1390  613  
1396  611  
1402  614  
1415  629  
1426  648  
1438  674  
1452  707  
1466  751  
1480  800  
1496  868  
1502  928  
1505  1001  
1505  1065  
1499  1131  
1478  1236  
1457  1297  
1430  1351  
1392  1399  
1340  1443  
1231  1498  
1142  1523  
1046  1539  
945  1544  
844  1539  
741  1524  
589  1486  
497  1450  
415  1405  
346  1355  
291  1301  
222  1200  
186  1128  
161  1059  
147  989  
144  917  
157  820  
177  762  
208  706  

