1573  312  
1572  327  
1573  355  
1577  375  
1581  398  
1586  424  
1591  454  
1598  501  
1603  534  
1606  567  
1608  599  
1610  632  
1611  665  
1612  717  
1614  752  
1616  784  
1616  794  
1708  857  
1706  852  
1708  853  
1705  855  
1701  857  
1687  863  
1674  869  
1663  875  
1656  881  
1655  889  
1667  900  
1682  910  
1697  919  
1709  928  
1717  936  
1721  951  
1718  964  
1702  980  
1661  998  
1601  1013  
1544  1022  
1842  1177  
1845  1176  
1845  1183  
1846  1183  
1845  1183  
1845  1182  
1846  1180  
1847  1177  
1849  1173  
1850  1169  
1850  1163  
1848  1150  
1846  1141  
1843  1130  
1840  1119  
1836  1106  
1829  1087  
1824  1073  
1818  1059  
1812  1044  
1807  1028  
1802  1003  
1800  982  
1797  960  
1795  937  
1794  914  
1794  894  
1793  867  
1793  850  
1792  833  
1790  817  
1790  799  
1790  768  
1791  747  
1791  727  
1788  707  
1785  690  
1780  668  
1779  654  
1778  641  
1778  630  
1778  620  
1777  612  
1777  603  
1778  598  
1779  595  
1779  592  
1780  589  
1782  586  
1782  584  
1782  583  
1782  581  
1783  578  
1783  572  
1782  568  

