1744  1190  
1748  1172  
1472  238  
1468  231  
1468  230  
1467  231  
1464  236  
1461  240  
1460  244  
1459  246  
1459  248  
1462  248  
1465  248  
1468  246  
1471  244  
1472  242  
1473  242  
1472  240  
1471  241  
1599  408  
1593  409  
1592  408  
1596  411  
1607  416  
1624  423  
1647  434  
1684  454  
1708  469  
1730  486  
1748  504  
1764  522  
1780  550  
1784  568  
1780  584  
1767  600  
1747  615  
1721  626  
1677  638  
1647  642  
1617  643  
1588  643  
1562  641  
1529  637  
1513  636  
1501  635  
1495  634  
1493  634  
1493  633  
1495  631  

