1062  646  
1061  645  
1060  645  
1059  644  
1059  643  
1059  642  
1062  640  
1066  639  
1070  638  
1077  637  
1085  637  
1104  639  
1120  642  
1137  645  
1155  650  
1171  656  
1196  667  
1212  676  
1226  685  
1238  696  
1248  709  
1256  722  
1263  741  
1265  756  
1266  769  
1264  782  
1259  793  
1243  809  
1228  818  
1212  826  
1194  835  
1175  843  
1139  856  
1108  863  
1074  868  
1045  870  
1022  870  
1002  869  
971  867  
944  866  
915  865  
888  866  
867  868  
847  870  
840  872  
836  872  
834  872  
834  871  
835  870  
837  869  
840  867  
845  864  
852  862  
862  860  
883  857  
899  855  
915  854  
934  854  
953  853  
979  855  
993  856  
1007  856  
1023  857  

