1632  936  
1589  965  
1543  987  
1495  1009  
1443  1017  
1387  1027  
1321  1028  
1245  1023  
1169  1018  
1106  1010  
1050  996  
993  970  
943  938  
908  904  
891  873  
876  834  
875  786  
881  734  
889  686  
910  640  
935  601  
950  583  
965  572  
977  566  
983  564  
987  563  
991  563  
993  563  
995  565  
996  568  
1349  1160  
1474  762  
1450  766  
1396  764  
1339  759  
1281  748  
1232  732  
1182  713  
1147  692  
1116  670  
1101  650  
1088  624  
1085  592  

