2022  636  
2013  642  
1999  650  
1982  659  
1961  669  
1920  689  
1881  708  
1829  730  
1762  758  
1692  786  
1579  826  
1497  851  
1414  868  
1343  873  
1271  878  
1205  888  
1151  894  
1126  883  
1111  862  
1109  830  
1120  781  
1150  692  
1177  641  
1210  597  
1246  558  
1288  525  
1355  487  
1402  472  
1449  467  
1493  472  
1533  486  
1570  508  
1615  551  
1638  581  
1652  611  
1656  640  
1652  669  
1626  716  
1596  750  
1556  782  
1502  808  
1433  824  
1365  829  
1263  828  
1197  830  
1137  827  
1075  816  
1026  795  
983  753  
967  724  
958  699  
953  679  
951  666  
951  655  
953  653  
957  654  
962  660  
967  671  
971  687  
974  722  
975  750  
973  778  
968  803  
954  823  
909  846  
866  865  
824  890  
776  912  
715  929  
634  941  
567  942  
498  938  
455  934  
423  929  
389  922  
342  910  
320  901  
302  891  
286  880  
281  874  

