1401  1150  
1433  1096  
1456  1067  
1478  1041  
1498  1018  
1512  998  
1525  977  
1534  971  
1547  972  
1570  981  
1607  997  
1652  1012  
1703  1030  
1730  1044  
1763  1062  
1801  1084  
1838  1108  
1879  1150  
1894  1175  
1899  1196  
1893  1214  
1876  1229  
1823  1244  
1766  1250  
1693  1255  
1604  1259  
1501  1261  
1391  1263  
1225  1268  
1113  1273  
1006  1279  
912  1284  
836  1285  
751  1280  
709  1267  
693  1257  
825  86  
821  86  
821  91  
831  104  
850  122  
894  158  
934  189  
978  226  
1025  267  
1076  314  
1158  402  
1215  472  
1269  548  
1317  629  
1357  715  
1407  834  
1438  894  
1465  952  
1483  1002  
1494  1034  
1500  1057  
1505  1081  
1508  1091  
1509  1098  
1510  1101  
1509  1100  
1506  1093  
1670  665  
1664  651  
1660  649  
1652  650  
1648  653  
1645  656  
1645  659  
1645  662  
1651  665  
1656  665  
1661  664  
1664  660  
1665  656  

