660  937  
669  918  
681  902  
699  891  
726  881  
775  868  
803  860  
825  853  
843  846  
862  841  
1155  836  
1151  837  
1152  838  
2167  781  
2165  759  
2164  745  
2160  737  
2154  730  
2138  725  
2123  725  
2106  728  
2078  743  
2069  753  
2064  772  
2066  783  
2074  792  
2085  800  
2099  805  
2121  807  
2136  804  
2149  800  
2162  794  
2172  787  
2181  778  
2184  772  
2185  768  
2185  765  
2185  763  
2184  763  
2183  767  
2183  773  
2183  781  
2183  791  
2183  803  
2184  822  
2184  836  
2183  851  
2181  865  
2178  878  
2172  895  
2166  905  
2158  914  
2147  921  
2133  927  
2116  932  
2084  939  
2048  944  
1993  950  
1937  955  
1899  959  
1842  963  
1789  967  
1740  973  
1694  982  
1627  988  
1532  988  
1475  989  
1410  995  
1356  1006  
1297  1017  
1234  1021  
1169  1021  
1136  1022  

