2495  428  
2482  428  
2461  428  
2438  426  
2406  424  
2370  423  
2329  424  
2280  427  
2203  432  
2149  437  
2092  442  
2033  447  
1972  452  
1882  462  
1822  469  
1762  476  
1698  484  
1630  492  
1591  493  
1733  571  
1732  554  
1732  541  
1732  528  
1732  514  
1729  492  
1727  477  
1725  464  
1724  452  
1724  442  
1723  434  
1723  428  
1723  434  
1723  445  
1724  471  
1725  493  
1728  518  
1732  546  
1736  578  
1740  631  
1741  667  
1742  706  
1743  750  
1744  795  
1746  833  
1747  885  
1746  928  
1742  976  
1736  1018  
1726  1053  
1703  1102  
1682  1135  
1658  1166  
1629  1193  
1596  1216  
1532  1242  
1478  1253  
1420  1261  
1366  1264  
1317  1261  
1272  1251  
1214  1224  
1184  1200  
1163  1172  
1154  1144  
1155  1117  
1177  1080  
1205  1058  
1247  1037  
1304  1016  
2103  916  
2104  916  
2104  918  
2102  919  
2099  921  
2093  923  
2085  926  
2073  929  
2054  934  

