1612  880  
1579  885  
1559  890  
1546  894  
1536  896  
1534  894  
1537  889  
2045  805  
2045  803  
2048  805  
2049  804  
2050  804  
2052  805  
2055  807  
2057  810  
2059  813  
2061  818  
2063  824  
2067  834  
2070  841  
2072  849  
2074  858  
2075  866  
2075  880  
2074  891  
2071  903  
2064  916  
2050  930  
2028  944  
1977  964  
1943  976  
1916  984  
1894  987  
1870  988  
1815  989  
1767  992  
1727  997  
1681  1005  
1617  1010  
1531  1007  
1479  1005  
1419  1009  
1365  1017  
1311  1027  
1250  1031  
1178  1028  
1138  1025  
1097  1022  
1062  1020  
1039  1016  
1018  1006  
1013  994  
1011  979  
1012  962  
1016  947  
1029  924  
1041  910  
1056  895  
1082  881  
1458  806  
1464  808  
1469  808  
1476  808  
1482  809  
1701  817  
1704  818  
1708  819  
1712  821  
1905  790  
1907  790  
1906  788  
1908  788  
1911  793  
1914  797  
1916  802  
1917  807  
1919  813  
1922  823  
1924  829  
1926  835  
1927  841  
1927  848  
1927  859  
1924  867  
1920  875  
1913  885  
1906  896  
1897  908  
1881  925  
1869  934  
1854  941  
1833  947  
1807  952  
1767  960  
1745  964  

