1215  1015  
2041  661  
2043  664  
2047  665  
2052  667  
2061  668  
2068  667  
2111  659  
1815  926  
1817  918  
1822  912  
1824  911  
1822  912  
1815  915  
1802  919  
1783  924  
1759  928  
1723  938  
1687  948  
1626  960  
1561  970  
1510  978  
1415  991  
1356  1005  
1294  1017  
1227  1022  
1178  1022  
1118  1020  
1082  1017  
1058  1011  
1048  1000  
1046  985  
1049  966  
1066  937  
1087  918  
1113  901  
1136  889  
1156  880  
1177  874  
1186  873  
1192  875  
1196  880  
1197  889  
1195  916  
1191  940  
1187  962  
1181  982  
1173  1000  
1162  1016  
1140  1039  
1120  1054  
1094  1070  
1065  1084  
1036  1097  
991  1112  
959  1119  
922  1123  
882  1123  
842  1119  
785  1105  
748  1093  
715  1077  
690  1060  
673  1040  
663  1018  
663  972  
673  932  
689  898  
721  871  
769  848  
843  810  
1038  808  
1048  810  
1060  809  
1068  809  
1181  796  
1187  798  
1917  1047  
1924  1045  

