1638  463  
1615  461  
1590  458  
1564  453  
1534  442  
1522  432  
1516  419  
1515  405  
1519  389  
1526  374  
1541  354  
1551  344  
1559  338  
1565  336  
1569  336  
1579  338  
1588  345  
1598  356  
1608  372  
1620  392  
1631  416  
1646  459  
1656  490  
1665  524  
1675  561  
1684  598  
1698  658  
1705  703  
1712  752  
1717  800  
1724  842  
1730  909  
1729  971  
1720  1024  
1702  1060  
1673  1091  
1633  1121  
1555  1158  
1493  1171  
1422  1175  
1349  1172  
1277  1161  
1166  1124  
1092  1092  
1029  1061  
983  1028  
934  972  
872  873  
859  838  
859  806  
866  766  
877  726  
891  694  
913  665  
928  654  
942  649  
953  647  
960  647  
965  648  
966  650  
966  651  
964  650  
964  649  
1436  208  
1441  207  
1456  203  
1473  200  
1494  199  
1516  198  
1536  197  
1556  197  
1566  197  
1572  197  
1577  197  
1579  197  
1580  199  
1579  205  
1633  156  
1634  154  
1636  156  

