1894  1104  
1898  1103  
1905  1102  
1913  1101  
1923  1101  
1940  1101  
1952  1101  
1963  1101  
1973  1101  
1979  1101  
1983  1101  
1982  1101  
1980  1101  
1974  1101  
1964  1102  
1943  1104  
1924  1106  
1900  1109  
1871  1111  
1836  1113  
1797  1117  
1734  1123  
1693  1127  
1649  1131  
1604  1134  
1561  1136  
1504  1139  
1471  1140  
1443  1140  
1424  1140  
1413  1140  
1404  1139  
1402  1139  
1404  1141  
1404  1144  
1286  1258  
1287  1259  
1290  1261  
1290  1260  
1291  1255  
1293  1249  
1296  1239  
1299  1225  
1304  1207  
1312  1177  
1318  1157  
1326  1137  
1336  1118  
1348  1100  
1361  1084  
1380  1063  
1393  1052  
1407  1044  
1420  1038  
1433  1034  
1457  1033  
1470  1034  
1481  1037  
1490  1043  
1497  1049  
1504  1059  
1506  1066  
1504  1075  
1498  1083  
1489  1092  
1475  1101  
1447  1114  
1426  1124  
1405  1133  
1385  1140  
1367  1146  
1344  1153  
1331  1153  
1320  1153  
1313  1150  
1308  1145  
1304  1134  
1304  1126  
1303  1120  
1302  1115  
1302  1110  
1302  1107  
1302  1106  
1302  1105  
1302  1107  
1302  1110  
1302  1115  
1302  1125  
1302  1133  
1302  1142  
1301  1152  
1298  1164  
1290  1184  
1281  1198  
1269  1212  
1254  1225  
1235  1237  
1210  1246  
1161  1256  
1124  1259  
1087  1260  
1049  1255  
1015  1245  
970  1221  
944  1198  
922  1173  
907  1147  
899  1123  
901  1090  
911  1070  
928  1053  
950  1037  
974  1020  
996  1000  
1032  969  
1063  954  
1100  947  
1131  945  
1147  945  
1156  949  
1764  1161  
1768  1163  
1771  1163  
1774  1162  
1778  1158  
1781  1154  
1783  1149  
1785  1141  
1786  1131  
1786  1109  
1787  1091  
1788  1071  
1790  1050  
1791  1030  
1790  1011  
1788  980  
1788  957  
1791  934  
1796  910  
1804  891  
1825  868  
1842  855  
1859  844  
1877  837  
1895  832  
1922  830  
1940  831  
1957  836  
1978  843  

