1085  1089  
1122  1106  
1163  1121  
1229  1134  
1281  1134  
1337  1128  
1401  1117  
1470  1105  
1553  1085  
1531  805  
1527  805  
1526  804  
1527  806  
1529  808  
1487  1060  
1484  1042  
1483  1019  
1480  1000  
1475  976  
1467  947  
1455  914  
1438  867  
1428  838  
1420  807  
1413  771  
1409  732  
1405  681  
1404  652  
1408  626  
1414  603  
1424  584  
1438  568  
1468  553  
1493  548  
1523  547  
1555  551  
1589  559  
1641  577  
1675  594  
1705  613  
1733  634  
1759  655  
1794  690  
1814  714  
1830  737  
1842  758  
1847  778  
1845  794  
1829  813  
1807  823  
1777  828  
1742  830  
1704  830  
1630  828  
1572  831  
1514  834  
1444  833  
1374  826  
1270  815  
1194  815  
1108  816  
1020  813  
944  809  
875  810  
784  817  
725  818  
679  817  
651  815  
634  814  
622  814  
620  814  
1679  1005  
1679  1007  

