860  686  
898  674  
919  670  
1637  509  
1640  514  
1758  561  
1737  553  
1720  559  
1699  567  
1676  578  
1656  590  
1637  607  
1631  617  
1630  624  
1635  628  
1645  629  
1669  626  
1686  620  
1704  614  
1720  607  
1735  600  
1747  592  
1760  583  
1764  581  
1764  584  
1762  595  
1760  607  
1758  621  
1754  638  
1750  656  
1744  674  
1731  701  
1716  721  
1696  740  
1673  758  
1643  776  
1585  800  
1539  814  
1484  825  
1420  830  
1360  828  
1274  822  
1219  820  
1176  814  
1139  801  
1108  779  
1089  751  
1085  708  
1098  681  
1122  655  
1157  631  
1200  610  
1278  581  
1332  563  
1387  547  
1676  490  
1676  495  
1673  502  
1672  507  
1831  440  
1805  423  
1793  423  
1778  423  
1760  428  
1740  437  
1711  456  
1696  470  

