1672  1058  
1728  1053  
1794  1051  
1866  1052  
1933  1056  
2042  1056  
2107  1054  
2167  1053  
2223  1056  
2271  1061  
2325  1066  
2339  1069  
2062  733  
2066  724  
2071  722  
2076  720  
2081  719  
2087  718  
2097  718  
2106  717  
2115  717  
2125  717  
2136  716  
2145  716  
2157  716  
2160  716  
2161  716  
2158  715  
2151  715  
2129  714  
2106  712  
2079  711  
2048  710  
2014  710  
1959  711  
1918  715  
1875  719  
1829  724  
1784  731  
1745  737  
1700  748  
1679  757  
1661  766  
1649  774  
1640  783  
1633  798  
1631  810  
1631  821  
1633  832  
1637  844  
1642  858  
1653  887  
1663  918  
1672  955  
1679  987  
1683  1014  
1686  1045  
1687  1065  
1691  1086  
1698  1107  
1705  1129  
1715  1158  
1720  1174  
1724  1186  
1726  1196  
1726  1202  
1726  1206  
1719  1208  
1711  1209  
1699  1209  
1683  1208  
1663  1207  
1626  1206  
1595  1206  
1560  1206  
1519  1207  
1474  1210  
1403  1214  
1360  1217  
1317  1220  
1273  1222  
1225  1224  
1173  1227  
1086  1231  
1030  1233  
979  1234  

