1285  857  
1267  854  
1951  695  
1949  694  
1947  695  
1945  697  
1943  699  
1937  704  
1931  709  
1925  715  
1918  721  
1910  728  
1900  736  
1885  746  
1874  754  
1863  762  
1850  769  
1834  774  
1809  782  
1791  786  
1774  789  
1757  792  
1742  795  
1722  799  
1710  801  
1698  802  
1685  802  
1672  801  
1658  800  
1637  799  
1623  797  
1611  794  
1600  790  
1592  784  
1579  774  
1571  766  
1563  756  
1558  745  
1555  732  
1551  714  
1547  703  
1543  693  
1540  686  
1537  682  
1536  680  
1534  678  
1533  679  
1533  680  
1532  681  
1532  683  
1532  684  

