1483  513  
1468  467  
1463  435  
1461  398  
1465  359  
1482  305  
1498  279  
1520  259  
1548  247  
1580  243  
1614  249  
1668  275  
1739  337  
1765  374  
1782  410  
1787  459  
1776  485  
1754  507  
1719  524  
1673  538  
1584  553  
1511  558  
1431  559  
1348  558  
1266  554  
1182  550  
1054  544  
973  542  
897  542  
826  546  
760  553  
675  571  
631  589  
598  613  
574  642  
560  675  
556  732  
564  774  
583  815  
610  858  
638  911  
663  979  
710  1061  
752  1108  
791  1156  
823  1198  
853  1232  
892  1280  
914  1312  
934  1341  
949  1365  
961  1385  
974  1405  
978  1412  
981  1416  
982  1418  
985  1421  
987  1418  
1547  762  
1547  763  
1547  762  
1547  761  
1547  759  
1548  756  
1550  751  
1553  746  
1556  740  
1561  731  
1564  724  
1568  716  
1573  706  
1578  697  
1582  689  
1589  680  
1594  675  
1599  672  

