1623  1053  
1643  1052  
1654  1052  
1662  1051  
1668  1051  
1670  1051  
1670  1050  
1669  1050  
1667  1051  
1663  1052  
1658  1053  
1650  1055  
1644  1056  
1638  1057  
1632  1058  
1627  1059  
1621  1060  
1608  1061  
1599  1061  
1591  1061  
1585  1060  
1581  1060  
1578  1059  
1579  1059  
1582  1059  
1586  1059  
1599  1059  
1612  1059  
1627  1059  
1642  1059  
1656  1059  
1669  1058  
1685  1055  
1693  1053  
1701  1052  
1708  1050  
1716  1049  
1728  1047  
1735  1046  
1742  1045  
1749  1045  
1756  1044  
1765  1044  
1777  1043  
1784  1043  
1792  1043  
1801  1044  
1810  1044  
1825  1044  
1834  1044  
1840  1045  
1846  1045  
1850  1045  
1854  1044  
1858  1043  
1860  1043  
1863  1042  
1865  1042  
1868  1041  
1873  1041  
1876  1041  
1880  1040  
1883  1040  
1887  1040  
1892  1040  
1895  1040  
1898  1040  
1900  1040  
1902  1040  
1903  1040  
1904  1040  
1905  1040  
1906  1040  
1907  1041  
1909  1042  
1845  946  
1850  946  
1857  946  
1867  945  
1874  944  
1880  944  

