1362  287  
1363  291  
1356  297  
1341  304  
1314  318  
1296  322  
1385  423  
1382  416  
1381  416  
1380  421  
1378  431  
1372  456  
1366  481  
1358  511  
1352  545  
1346  582  
1340  622  
1332  694  
1327  747  
1326  797  
1326  839  
1327  889  
1319  995  
1309  1043  
1303  1073  
1301  1100  
1299  1126  
1293  1158  
1289  1171  
1287  1175  
1454  204  
1454  199  
1448  197  
1436  197  
1415  203  
1389  211  
1357  226  
1346  238  
1349  250  
1363  262  
1385  276  
1413  299  
1418  314  
1408  329  
1381  344  
1346  356  
1301  373  

