2076  1047  
2079  1048  
2080  1049  
2082  1049  
2308  827  
2311  829  
2311  828  
2313  828  
2316  826  
2327  824  
2336  822  
2347  821  
2359  820  
2370  819  
2380  819  
2390  822  
2393  823  
2393  825  
2388  828  
2379  832  
2355  836  
2332  839  
2304  840  
2272  841  
2237  843  
2180  845  
2138  845  
2097  843  
2052  840  
1995  839  
1937  843  
1872  855  
1824  862  
1773  865  
1737  866  
1715  866  
1691  866  
1679  865  
1672  863  
1838  661  
1836  649  
1831  645  
1818  644  
1805  646  
1788  651  
1766  658  
1743  668  
1722  679  
1698  700  
1689  717  
1685  735  
1686  755  
1692  775  
1710  799  
1729  812  
1753  822  
1782  829  
1814  834  
1841  838  
1868  841  
1877  842  
1880  843  
1879  844  
1873  847  
1854  852  
1833  855  

