1480  1070  
1448  1083  
1411  1096  
1354  1116  
1312  1129  
1266  1143  
1214  1158  
1153  1176  
1119  1184  
1448  855  
1447  847  
1442  835  
1438  830  
1433  825  
1427  820  
1417  817  
1398  815  
1385  817  
1374  820  
1364  823  
1356  827  
1351  832  
1349  842  
1352  852  
1356  864  
1363  876  
1371  887  
1385  897  
1397  899  
1410  895  
1423  889  
1437  881  
1460  870  
1471  864  
1478  859  
1481  856  
1481  854  
1479  853  
1475  853  
1473  856  
1472  858  
1471  860  
1471  864  
1470  873  
1468  881  
1465  892  
1461  906  
1455  923  
1443  950  
1432  967  
1420  984  
1406  999  
1389  1013  
1370  1026  
1333  1044  
1298  1054  
1255  1063  
1210  1071  
1161  1079  

