1608  375  
1623  427  
1636  465  
1649  502  
1662  540  
1673  576  
1680  632  
1676  669  
1665  705  
1648  739  
1622  767  
1585  789  
1505  812  
1432  818  
1362  817  
1305  813  
1257  811  
1209  811  
1191  811  
1178  811  
1172  808  
1220  1097  
1223  1097  
1225  1099  
1226  1099  
1230  1097  
1239  1094  
1256  1091  
1283  1086  
1338  1077  
1381  1073  
1431  1071  
1484  1071  
1529  1073  
1563  1077  
1601  1080  
1615  1082  
1621  1082  
1619  1081  
1613  1081  
1719  182  

