1372  447  
1531  78  
1515  70  
1497  65  
1481  63  
1458  66  
1433  72  
1407  82  
1370  107  
1345  130  
1324  154  
1311  179  
1307  204  
1320  239  
1341  257  
1369  269  
1400  276  
1436  281  
1472  285  
1525  289  
1556  290  
1582  291  
1598  289  
1608  287  
1611  284  
1608  282  
1602  279  
1590  277  
1571  276  
1532  277  
1500  281  
1464  289  
1423  302  
1376  319  
1326  339  
1248  376  
1196  403  
1147  435  
1101  472  
1057  514  
998  589  
966  643  
942  698  
928  757  
922  812  
926  860  
952  972  
973  1038  
994  1079  
1024  1122  
1065  1167  
1137  1221  
1185  1247  
1232  1267  
1280  1282  
1327  1292  
1396  1302  
1439  1305  
1476  1306  
1508  1306  
1534  1304  
1553  1302  
1571  1300  
1579  1299  
1584  1298  

