1338  810  
1390  814  
1414  1027  
1415  1027  
1415  1029  
1416  1031  
1996  852  
1998  853  
1998  855  
1998  856  
2000  859  
2001  861  
2002  864  
2002  871  
2003  878  
2003  888  
2003  901  
2001  915  
1998  930  
1991  948  
1984  959  
1973  969  
1960  979  
1946  987  
1927  996  
1914  1000  
1900  1003  
1886  1005  
1870  1008  
1837  1011  
1808  1014  
1778  1019  
1751  1024  
1727  1031  
1704  1037  
1661  1046  
1626  1049  
1591  1050  
1560  1050  
1534  1050  
1494  1049  
1466  1049  
1437  1049  
1410  1050  
1387  1052  
1356  1054  
1338  1057  
1319  1057  
1737  883  
1741  889  
1734  889  
1732  889  
1911  876  
1911  875  
1912  875  
1912  876  
1912  877  
1914  881  
1916  885  
1916  889  
1917  892  
1917  894  
1917  896  
1917  897  
1916  897  
1915  900  
2080  956  
2083  954  
2084  954  
2082  955  
2076  958  
2068  962  
2051  968  
2023  976  
1986  984  
1949  990  
1908  994  

