1742  927  
1829  954  
1910  975  
2015  986  
2119  986  
2184  986  
2265  988  
2299  990  
2313  990  
2309  987  
2289  981  
2226  967  
2168  957  
2107  944  
2022  925  
1926  910  
1834  901  
1678  877  
1567  873  
1453  875  
1342  864  
1237  866  
1088  879  
992  874  
896  877  
814  891  
747  902  
669  909  
641  913  
618  918  
598  922  
584  926  
576  929  
568  934  
567  938  
2159  797  
2151  802  
2141  813  
2123  825  
2085  840  
2048  847  
1992  856  
1929  872  
1872  892  
1777  904  
1724  896  
1674  878  

