1511  871  
1542  592  
1511  599  
1467  621  
1437  639  
1409  658  
1387  677  
1373  698  
1368  730  
1377  749  
1398  765  
1432  776  
1476  780  
1539  780  
1572  779  
1598  779  
1618  779  
1628  781  
1628  785  
1608  796  
1583  807  
1553  821  
1518  838  
1474  858  
1404  894  
1369  932  
1331  985  
1285  1034  
1244  1073  
1211  1137  
1202  1182  
1201  1223  
1209  1260  
1225  1292  
1250  1320  
1304  1350  
1351  1359  
1407  1356  
1469  1344  
1528  1324  
1604  1284  
1642  1255  
1663  1227  
1670  1197  
1665  1164  
1648  1129  
1598  1086  
1551  1060  
1493  1035  
1422  1015  
1354  1003  
1238  981  
1176  962  
1124  945  
1070  928  
1029  905  
990  871  
967  851  
946  832  
931  811  
924  786  
922  754  
931  701  

