1675  1009  
1675  1013  
1500  796  
1501  786  
1504  778  
1507  767  
1510  754  
1515  731  
1518  713  
1519  691  
1521  671  
1524  650  
1527  630  
1531  603  
1534  587  
1535  574  
1536  564  
1537  557  
1537  550  
1538  549  
1539  549  
1543  552  
1550  557  
1560  566  
1584  582  
1604  596  
1628  612  
1653  629  
1681  648  
1726  675  
1758  694  
1791  714  
1824  733  
1854  752  
1890  777  
1909  789  
1923  799  
1934  806  
1942  812  
1948  816  
1952  819  
1952  820  
1950  821  
1945  822  
1934  823  
1911  824  
1889  824  
1857  824  
1810  821  
1755  815  
1672  804  
1610  801  
1544  803  
1468  803  
1388  800  
1315  795  
1202  797  
1115  802  
1026  804  
953  804  
888  808  
806  821  
751  826  
699  829  
660  830  
633  830  
605  830  
592  830  
585  831  
580  830  
580  831  
1579  901  

