1003  824  
1012  827  
1019  827  
1135  823  
1140  827  
1140  831  
1137  832  
1687  789  
1690  787  
1690  790  
1691  799  
1689  808  
1686  818  
1683  829  
1680  840  
1676  859  
1670  873  
1660  890  
1642  914  
1613  938  
1566  963  
1538  973  
1501  980  
1443  986  
1381  994  
1310  1003  
1187  1003  
1112  1001  
1038  1007  
972  1017  
901  1021  
829  1010  
804  998  
785  981  
773  960  
769  934  
777  895  
790  874  
806  856  
822  840  
836  827  
848  815  
863  805  
1136  800  
1144  797  
1151  800  
1152  800  
1269  788  
1281  787  
1285  787  
1284  788  
1280  786  
1187  670  
1188  672  
1183  677  
1687  816  
1690  822  
1693  831  
1697  842  
1701  856  
1704  872  
1706  909  
1703  942  
1693  973  
1671  999  
1632  1017  
1557  1027  
1501  1029  
1427  1034  
1349  1042  
1269  1048  
1190  1049  
1076  1051  
1008  1057  
946  1060  
888  1058  
848  1055  
812  1053  
797  1052  
788  1053  
786  1056  
787  1060  
789  1060  
1077  877  
1077  872  
1087  872  
1103  872  
1122  869  
1250  848  
1261  850  
1264  847  
1261  845  
1253  843  

