1458  745  
1456  741  
1456  731  
1461  704  
1467  680  
1474  654  
1483  626  
1494  596  
1514  551  
1529  520  
1545  491  
1563  467  
1578  449  
1601  430  
1619  424  
1637  423  
1656  428  
1678  439  
1701  457  
1736  489  
1757  514  
1773  540  
1784  563  
1788  585  
1780  615  
1764  631  
1741  645  
1709  655  
1669  663  
1595  669  
1539  670  
1482  665  
1428  656  
1386  641  
1355  624  
1323  597  
1309  579  
1299  565  
1292  555  
1289  548  
1288  547  
1290  549  
1297  556  
1306  569  
1316  586  
1332  620  
1342  647  
1351  679  
1357  717  
1359  759  
1359  800  
1355  847  
1348  877  
1329  924  
1285  978  
1231  1013  
1154  1033  
1087  1042  
1017  1049  
945  1051  
866  1038  
759  991  
691  943  
642  887  
602  840  
574  798  
567  745  
584  658  
610  604  
642  557  
678  520  
715  490  
766  463  

