474  977  
456  926  
460  897  
475  870  
510  845  
562  825  
617  811  
704  795  
771  784  
830  772  
882  757  
2016  817  
2016  803  
2019  793  
2020  790  
2020  792  
2021  797  
2026  810  
2030  821  
2035  832  
2039  844  
2042  859  
2040  886  
2032  907  
2013  932  
1983  957  
1949  979  
1919  996  
1877  1008  
1837  1014  
1784  1021  
1734  1030  
1685  1039  
1589  1047  
1534  1047  
1482  1047  
1428  1049  
1384  1052  
1331  1053  
1591  1153  
1598  1158  
1618  1160  
1635  1159  
1760  1143  
1788  1140  

