1245  649  
1224  656  
1199  662  
2137  940  
2139  950  
2132  961  
2110  976  
2085  985  
2043  994  
1977  995  
1912  985  
1822  970  
1757  963  
1703  956  
1643  946  
1587  932  
1557  915  
1539  886  
1537  866  
1541  844  
1548  821  
1559  794  
1579  746  
1590  714  
1597  685  
1598  658  
1592  633  
1567  598  
1539  577  
1503  562  
1459  549  
1408  539  
1353  531  
1270  520  
1218  511  
1170  502  
1130  490  
1098  475  
1068  447  
1060  423  
1064  394  
1084  358  
1121  320  
1210  261  
1295  221  
1394  186  
1497  166  
1600  159  
1701  164  
1834  190  
1902  212  
1952  235  
1986  256  
2004  276  
2003  307  
1984  329  
1968  339  
1541  916  
1538  913  

