374  1032  
1638  662  
1632  627  
1622  582  
1611  516  
1608  460  
1610  424  
1615  390  
1624  361  
1637  337  
1664  313  
1687  308  
1716  312  
1752  326  
1793  351  
1838  386  
1908  454  
1956  507  
2003  564  
2046  623  
2087  685  
2145  783  
2182  844  
2211  899  
2226  947  
2227  986  
2207  1022  
2181  1033  
2148  1034  
2110  1027  
2066  1014  
2003  982  
1915  905  
1884  867  
1857  834  
1831  796  
1811  752  
1797  689  
1798  655  
1806  625  
1821  600  
1842  578  
1879  559  
1906  555  
1933  558  
1961  569  
1988  587  
2014  612  
2046  662  
2063  701  
2079  743  
2094  786  
2109  826  
2124  881  
2122  916  
2110  950  
2086  982  
2039  1010  
1933  1029  
1859  1029  
1769  1035  
1665  1041  
1555  1035  
1441  1027  
1272  1018  
1161  1000  
1064  982  

