887  643  
912  638  
932  637  
946  641  
954  646  
956  658  
1545  326  
1550  322  
1549  321  
1549  320  
1551  326  
1202  1143  
1203  1137  
1208  1117  
1214  1090  
1224  1059  
1256  997  
1291  928  
1322  872  
1342  842  
1359  816  
1386  771  
1408  740  
1431  714  
1454  694  
1476  682  
1508  673  
1528  672  
1549  676  
1570  685  
1592  700  
1615  719  
1647  757  
1667  787  
1688  815  
1706  840  
1720  864  
1733  904  
1735  933  
1733  961  
1725  987  
1708  1011  
1658  1035  
1607  1041  
1557  1040  
1504  1035  
1439  1034  
1376  1035  
1280  1038  
1215  1030  
1164  1021  
1115  1015  
1071  1012  
1030  1004  
1013  989  
1005  973  
1175  290  
1179  295  
1189  305  
1200  318  
1216  336  
1237  360  
1263  389  
1292  422  
1337  478  
1368  517  
1398  558  
1427  601  
1454  643  

