1883  668  
1862  667  
1834  664  
1781  656  
1745  648  
1712  641  
1686  634  
1668  626  
1655  611  
1653  595  
1654  576  
1658  553  
1665  531  
1673  510  
1685  486  
1691  476  
1698  470  
1706  468  
1717  470  
1740  481  
1759  495  
1779  515  
1799  539  
1819  566  
1847  613  
1865  651  
1882  694  
1896  743  
1905  793  
1907  836  
1900  906  
1895  970  
1888  1023  
1873  1058  
1843  1089  
1770  1135  
1709  1159  
1637  1172  
1551  1174  
1453  1166  
1308  1140  
1222  1111  
1140  1074  
1068  1033  
1022  977  
996  906  
972  825  
970  783  
984  740  
1009  703  
1046  678  
1106  660  
1140  658  
1166  664  
1185  672  
1197  680  
1207  689  
1209  693  
1209  696  
1207  697  
1205  697  
1550  315  
1541  314  
1538  312  
1543  313  
1553  313  
1572  312  
1602  309  
1641  306  
1689  302  
1762  299  
1808  298  
1849  298  
1882  299  
1906  302  
1925  306  
1928  308  
1926  312  
1924  313  
1956  806  
1940  803  
1935  804  

