1186  1298  
1200  1260  
1216  1213  
1248  1128  
1275  1076  
1307  1030  
1341  969  
1369  903  
1408  853  
1491  791  
1540  754  
1584  728  
1626  711  
1669  703  
1732  711  
1776  731  
1823  760  
1867  795  
1901  824  
1939  870  
1969  928  
1996  1000  
2004  1045  
1991  1071  
1963  1098  
1898  1140  
1833  1165  
1751  1184  
1660  1198  
1556  1206  
1376  1212  
1254  1214  
1131  1214  
1008  1216  
895  1216  
739  1209  
653  1192  
624  1177  
849  99  
854  79  
871  61  
895  65  
929  79  
969  104  
1012  139  
1079  201  
1123  248  
1169  301  
1217  361  
1268  426  
1347  524  
1395  583  
1432  633  
1458  668  
1474  694  
1481  714  
1481  733  
1476  746  
1467  760  
1459  763  
1630  489  
1637  487  
1638  489  
1640  501  
1639  515  
1334  1132  
1337  1114  
1345  1096  
1355  1071  
1369  1038  

