836  1195  
836  1196  
1783  777  
1783  779  
1781  781  
1779  795  
1777  806  
1774  817  
1771  828  
1769  839  
1763  858  
1756  871  
1748  885  
1738  899  
1726  916  
1693  943  
1645  964  
1587  982  
1540  994  
1490  1002  
1426  1011  
1325  1032  
1245  1041  
1163  1044  
1078  1051  
994  1060  
872  1066  
796  1062  
723  1055  
663  1046  
623  1036  
587  1021  
542  977  
533  934  
543  891  
565  862  
589  844  
621  828  
639  821  
659  815  
681  810  
702  807  
711  805  
1205  1206  
1203  1208  
1198  1211  
1192  1216  
1186  1219  
1182  1219  
1180  1216  

