1422  825  
1412  824  
1399  823  
1378  822  
1365  821  
1353  820  
1340  818  
1328  817  
1313  815  
1305  814  
1301  814  
1300  813  
1304  815  
1309  816  
1311  815  
1954  691  
1956  692  
1955  691  
1955  694  
1956  699  
1958  705  
1962  713  
1967  725  
1971  735  
1973  746  
1975  758  
1975  771  
1972  790  
1968  801  
1960  813  
1948  823  
1932  834  
1902  852  
1876  865  
1840  877  
1793  885  
1746  888  
1704  888  
1605  894  
1541  909  
1483  924  
1417  930  
1360  935  
1252  945  
1182  949  
1120  951  
1053  953  
997  954  
892  953  
833  947  
792  941  
744  932  
698  919  
666  902  
632  874  
613  858  
595  843  
582  830  
576  817  
578  797  
588  781  
602  761  
621  742  
642  725  
682  703  
713  686  
753  669  
1188  672  
1195  672  
1205  675  
1214  675  
1216  673  
1497  692  
1504  695  
1508  695  
1514  697  
1520  695  

