1454  959  
1452  925  
1452  894  
1452  866  
1451  827  
1448  801  
1446  773  
1444  744  
1442  718  
1440  696  
1436  670  
1433  658  
1430  648  
1428  641  
1426  636  
1424  633  
1424  632  
1426  630  
1428  626  
1429  623  
1430  620  
1432  617  
1434  613  
1437  609  
1439  605  
1439  603  
1439  601  
1439  599  
1439  598  
1439  596  
1439  595  
1439  594  
1439  593  
1439  592  
1439  591  
1439  590  
1439  592  
1440  594  
1441  596  
1442  974  
1439  970  
1438  969  
1438  971  
1439  973  
1440  979  
1442  988  
1447  1004  
1451  1016  
1454  1028  
1457  1041  
1458  1053  
1458  1071  
1456  1084  
1454  1095  
1450  1107  
1446  1120  
1435  1138  
1423  1148  
1406  1157  
1383  1166  
1357  1172  
1325  1178  
1266  1186  
1220  1191  
1169  1195  
1114  1199  
1056  1203  
977  1207  
926  1208  
874  1209  
822  1209  
771  1207  
696  1199  
651  1192  
608  1185  
562  1176  
517  1167  
1408  580  
1406  579  
1407  579  
1408  580  
1410  581  
1414  582  
1421  583  
1430  584  
1444  587  
1476  590  
1505  593  
1542  596  
1585  599  
1636  603  
1726  608  
1795  611  
1870  613  
1946  614  
2021  614  
2094  612  
2191  607  
2241  601  
2280  592  
2310  581  
2330  567  
2342  541  
2334  522  
2311  502  
2276  483  
2231  468  
2153  453  

