1589  1099  
1584  1102  
1569  1105  
1467  616  
1438  592  
1411  569  
1381  544  
1349  519  
1315  496  
1270  464  
1250  447  
1240  432  
1240  420  
1250  406  
1287  387  
1326  379  
1370  377  
1414  378  
1454  383  
1496  393  
1513  401  
1522  411  
1524  421  
1520  435  
1508  452  
1476  482  
1447  506  
1412  536  
1374  571  
1334  609  
1279  676  
1246  731  
1216  789  
1190  843  
1174  902  
1171  1004  
1185  1054  
1209  1095  
1245  1131  
1289  1159  
1342  1177  
1436  1192  
1504  1199  
1567  1203  
1621  1206  
1665  1206  
1714  1204  
1735  1200  

