1848  549  
1861  573  
1884  612  
1898  641  
1908  671  
1912  697  
1912  720  
1908  739  
1890  758  
1868  761  
1839  757  
1805  745  
1772  728  
1732  692  
1710  662  
1690  633  
1673  604  
1658  579  
1641  548  
1637  535  
1636  528  
1636  527  
1638  530  
1641  538  
1651  565  
1661  589  
1670  616  
1679  643  
1684  671  
1686  708  
1684  728  
1676  743  
1660  754  
1634  758  
1583  749  
1547  734  
1512  714  
1478  689  
1447  663  
1423  637  
1400  607  
1392  594  
1389  588  
1389  587  
1393  591  
1406  609  
1417  630  
1431  660  
1446  699  
1463  747  
1487  818  
1499  858  
1506  903  
1507  957  
1503  1008  
1489  1049  
1444  1106  
1399  1145  
1341  1180  
1271  1204  
1194  1214  
1066  1206  
981  1185  
900  1151  
826  1108  
755  1063  
694  1018  
645  919  
628  857  
621  814  
627  773  
645  733  
693  686  
736  669  
779  661  
817  659  
847  664  
874  674  
883  681  
885  687  
880  697  
872  698  
1464  412  
1467  408  
1473  405  
1483  403  
1592  385  
1603  383  
1615  383  
1623  383  
1626  383  
1558  236  
1560  229  
1569  236  
1572  237  
1648  730  

