1630  469  
1619  435  
1614  400  
1614  366  
1625  324  
1640  303  
1662  287  
1693  279  
1729  281  
1785  303  
1822  326  
1854  352  
1880  379  
1897  407  
1898  443  
1882  464  
1853  484  
1810  501  
1756  515  
1691  525  
1583  537  
1509  543  
1434  546  
1359  546  
1287  546  
1178  546  
1104  552  
1036  564  
976  582  
927  607  
874  653  
853  692  
843  740  
842  792  
845  837  
852  887  
891  1010  
928  1072  
960  1128  
992  1189  
1026  1242  
1074  1305  
1099  1338  
1117  1365  
1129  1387  
1136  1404  
1140  1414  
1146  1425  
1150  1428  
1150  1424  
1151  1413  
1519  621  
1517  612  
1514  593  

