1429  665  
1425  625  
1425  582  
1426  538  
1429  493  
1434  449  
1450  389  
1466  357  
1487  333  
1514  319  
1546  316  
1602  327  
1645  348  
1693  380  
1743  421  
1795  470  
1847  524  
1922  613  
1965  676  
2001  743  
2033  806  
2062  863  
2073  960  
2051  1016  
2007  1048  
1955  1064  
1902  1068  
1802  1057  
1730  1044  
1655  1022  
1575  974  
1522  916  
1488  872  
1460  815  
1460  773  
1472  734  
1492  703  
1517  682  
1561  666  
1594  664  
1627  672  
1660  688  
1689  713  
1726  766  
1747  804  
1763  839  
1774  872  
1777  910  
1772  952  
1746  1010  
1718  1040  
1675  1063  
1617  1080  
1549  1092  
1421  1109  
1327  1120  
1232  1127  
1129  1129  
1023  1129  
873  1125  
777  1119  
686  1113  
609  1107  
539  1098  
477  1086  
417  1064  
388  1046  

