1369  295  
1369  306  
1369  320  
1369  337  
1368  356  
1371  393  
1374  422  
1376  454  
1378  489  
1379  525  
1381  584  
1383  624  
1386  667  
1387  716  
1388  767  
1388  834  
1390  870  
1394  911  
1398  954  
1400  991  
1400  1020  
1398  1052  
1396  1071  
1395  1086  
1395  1096  
1395  1102  
1397  1101  
1399  121  
1400  115  
1394  115  
1381  121  
1351  135  
1331  146  
1317  155  
1314  163  
1322  171  
1339  181  
1374  197  
1396  208  
1410  216  
1414  223  
1407  230  

