1726  478  
1709  468  
1697  458  
1690  447  
1689  434  
1691  413  
1696  401  
1701  392  
1705  386  
1709  382  
1714  379  
1723  376  
1731  376  
1741  377  
1752  380  
1764  386  
1782  400  
1795  413  
1807  429  
1820  448  
1834  470  
1854  507  
1866  535  
1878  564  
1888  594  
1898  623  
1904  654  
1908  702  
1904  735  
1895  770  
1881  802  
1860  829  
1812  862  
1769  877  
1728  884  
1676  889  
1600  902  
1492  927  
1415  930  
1334  922  
1242  912  
1151  905  
1067  890  
951  856  
879  840  
829  825  
790  801  
754  768  
719  713  
709  678  
708  645  
714  615  
724  591  
739  568  
747  559  
753  554  
755  551  
754  547  
754  540  
1726  256  
1724  256  
1723  255  
1721  257  
1721  260  
1721  262  
1723  263  
1727  264  
1735  260  
1740  257  
1742  255  
1743  255  
1743  254  
1742  255  
1731  259  
1677  476  
1672  470  
1656  465  

