1438  569  
1440  565  
1446  550  
1452  537  
1459  524  
1465  513  
1470  504  
1476  495  
1479  493  
1482  494  
1489  497  
1500  504  
1531  521  
1565  539  
1582  546  
1936  561  
1936  560  
1935  562  
1936  562  
1936  563  
1937  563  
1938  564  
1939  566  
1941  568  
1943  570  
1946  574  
1947  578  
1949  582  
1951  586  
1952  591  
1953  601  
1953  609  
1951  616  
1948  624  
1944  631  
1938  639  
1927  651  
1918  659  
1908  667  
1897  675  
1885  683  
1865  695  
1849  703  
1830  712  
1807  721  
1781  729  
1739  740  
1709  746  
1679  752  
1646  758  
1610  764  
1573  770  
1511  779  
1461  783  
1409  784  
1363  784  
1320  781  
1254  777  
1213  774  
1174  771  
1135  765  
1099  756  
1056  736  
1035  722  
1018  706  
1005  691  
995  677  
988  663  
980  641  
976  628  
973  617  
971  607  
969  597  
966  585  
964  581  
963  578  
962  577  
961  577  
961  579  
961  581  
961  585  
963  591  
965  597  
969  606  
971  612  
973  617  
975  623  

