1767  1048  
1746  1049  
1727  1050  
1698  1052  
1676  1052  
1650  1053  
1622  1053  
1594  1051  
1562  1049  
1543  1047  
1526  1046  
1509  1044  
1492  1042  
1476  1040  
1906  1041  
1903  1037  
1904  1036  
1904  1034  
1904  1033  
1904  1031  
1904  1029  
1904  1025  
1904  1022  
1903  1019  
1903  1015  
1902  1010  
1902  1003  
1901  991  
1900  980  
1900  967  
1900  954  
1901  942  
1902  926  
1903  917  
1905  911  
1905  908  
1905  907  
1905  913  
1904  922  
1903  934  
1902  946  
1902  958  
1903  971  
1904  989  
1904  999  
1904  1009  
1716  1139  
1718  1138  
1718  1142  
1716  1144  
1461  1049  
1460  1048  
1460  1047  
1460  1045  
1461  1042  
1461  1038  
1462  1033  
1462  1027  
1462  1015  
1460  1006  
1457  996  
1453  984  
1450  971  
1446  957  
1443  938  
1443  927  
1442  919  
1441  914  
1441  912  
1441  913  
1444  917  
1447  924  
1450  934  
1453  947  
1457  969  
1460  986  
1463  1002  
1466  1018  
1468  1034  
1470  1047  
1472  1064  
1472  1073  
1473  1080  
1473  1084  
1472  1086  
1467  1088  
1461  1088  
1451  1088  
1439  1087  
1425  1087  
1399  1086  
1379  1087  
1358  1089  
1335  1092  
1309  1094  
1280  1097  
1234  1100  
1206  1101  
1180  1103  
1153  1106  
1126  1109  
1088  1112  
1066  1115  
1047  1117  
1030  1120  
1016  1121  
1001  1124  
994  1126  
987  1127  
982  1129  
1649  974  
1651  970  
1651  965  
1652  963  
1652  962  
1652  961  
1652  963  
1653  966  
1655  970  
1658  980  
1659  988  
1659  996  
1659  1002  
1659  1008  
1657  1015  
1655  1018  
1652  1022  
1647  1025  
1640  1028  
1631  1030  
1612  1034  
1598  1036  
1587  1037  
1577  1038  
1566  1039  
1548  1039  
1535  1039  
1519  1040  
1500  1040  
1474  1042  
1428  1045  
1398  1047  
1370  1050  
1342  1054  
1310  1057  
1274  1060  
1219  1062  
1186  1062  
1151  1062  
1114  1061  
1078  1061  
1038  1058  
1020  1055  
1008  1052  
1001  1047  
1000  1042  
1004  1031  
1010  1023  
1018  1014  
1027  1005  
1036  998  
1045  993  
1057  987  
1063  986  
1067  984  
1071  985  
1348  1189  
1351  1188  
1353  1188  
1354  1188  
1356  1188  
1358  1188  
1638  1059  
1640  1057  
1646  1057  
1658  1055  
1670  1053  
1683  1051  
1698  1048  
1714  1045  
1739  1041  
1756  1038  
1774  1036  

