1779  609  
1757  595  
1722  568  
1697  549  
1675  530  
1656  514  
1643  500  
1631  485  
1627  481  
1626  481  
1626  486  
1629  496  
1633  510  
1634  532  
1627  545  
1614  556  
1599  563  
1582  563  
1551  555  
1528  543  
1506  528  
1489  511  
1476  496  
1464  481  
1461  477  
1460  477  
1460  482  
1464  494  
1472  514  
1494  556  
1515  591  
1539  628  
1560  668  
1576  714  
1586  788  
1579  830  
1559  867  
1530  914  
1490  960  
1431  994  
1331  1029  
1244  1031  
1150  1017  
1061  998  
977  961  
858  877  
814  833  
782  780  
761  720  
759  668  
785  609  
817  582  
854  567  
890  562  
920  564  
944  570  
971  589  
987  610  
998  631  
1895  490  
1890  482  
1893  482  

