1921  610  
1940  659  
1954  716  
1956  776  
1929  856  
1900  911  
1867  964  
1817  1002  
1750  1033  
1620  1068  
1511  1083  
1394  1099  
1273  1115  
1150  1123  
1025  1128  
846  1124  
734  1113  
637  1100  
558  1081  
493  1053  
438  1003  
423  969  
421  937  
430  905  
446  877  
478  847  
504  834  
533  823  
563  813  
587  804  
605  799  
617  795  
619  794  
620  794  
620  795  
621  793  
621  786  
1418  452  
1413  447  
1398  448  
1379  457  
1354  468  
1318  488  
1296  503  
1280  518  
1270  531  
1268  545  
1283  565  
1306  576  
1338  583  
1375  587  
1414  590  
1466  596  
1489  601  
1502  606  
1507  611  
1504  617  
1491  624  

