2103  895  
2102  904  
2100  913  
2097  922  
2093  928  
2087  937  
2082  941  
2077  944  
2072  945  
2068  946  
2063  944  
2061  941  
2060  935  
2059  928  
2059  920  
2059  906  
2059  896  
2059  888  
2060  882  
2059  876  
2058  872  
2057  868  
2056  867  
2057  868  
2058  873  
2060  877  
2061  882  
2061  888  
2061  893  
2059  903  
2055  912  
2051  919  
2046  925  
2039  930  
2032  934  
2020  936  
2013  936  
2008  935  
2003  933  
1999  928  
1996  919  
1995  913  
1994  905  
1994  897  
1996  890  
2000  879  
2001  873  
2003  869  
2004  866  
2006  864  
2007  862  
2008  861  
2009  860  
2011  860  
2012  859  
2013  859  
2013  861  
2013  863  
2012  867  
2010  870  
2006  873  
2002  877  
1996  882  
1989  887  
1978  894  
1970  898  
1960  904  
1950  909  
1940  913  
1927  919  
1918  924  
1909  928  
1899  934  
1890  938  
1875  944  
1862  947  
1845  949  
1823  950  
1797  951  
1771  952  
1738  953  
1720  954  
1697  955  
1661  955  
1609  956  
1550  956  
1525  956  
1500  955  
1467  955  
1431  956  
1391  959  
1373  960  
1360  962  
1348  964  
1337  966  
1327  966  
1315  967  
1310  965  
2092  985  
2094  984  
2096  984  
2100  981  
2104  981  
2109  979  
2114  979  
2120  978  
2126  977  
2128  977  
2129  977  
2129  976  
2127  976  
2123  976  
2118  978  
2112  980  
2105  982  
2097  984  
2083  989  
2071  994  
2053  999  
2028  1005  

