1424  472  
1426  475  
1428  481  
1431  490  
1437  506  
1442  517  
1447  529  
1454  542  
1464  557  
1482  577  
1498  590  
1516  603  
1536  616  
1559  628  
1583  640  
1622  658  
1648  668  
1675  678  
1702  688  
1730  697  
1773  707  
1802  711  
1827  713  
1845  715  
1857  715  
1866  715  
1873  715  
1874  714  
1873  714  
1873  715  
1869  717  
1865  719  
1855  724  
1843  730  
1826  736  
1804  743  
1776  751  
1730  763  
1699  770  
1668  777  
1632  785  
1591  795  
1546  806  
1459  821  
1391  826  
1325  827  
1250  834  
1170  851  
1047  872  
980  875  
913  881  
859  892  
835  903  
822  914  
818  918  
816  921  
814  921  
813  921  
813  922  
812  923  
812  924  
812  926  
811  927  
811  928  
811  929  
810  929  
812  932  
814  936  
819  937  
1214  826  
1202  825  
1203  814  
1212  798  
1224  775  
1237  749  
1255  715  
1268  697  
1286  683  
1310  677  
1337  675  
1367  676  
1419  682  
1460  689  
1506  699  
1553  712  
1597  726  
1663  751  
1711  769  
1766  784  
1828  794  
1885  798  
1955  800  
1999  805  
2041  811  
2077  816  
2106  820  
2130  822  
2150  823  

