1147  1212  
1149  1216  
1153  1217  
2031  1109  
2038  1105  
2047  1101  
2046  1101  
2039  1102  
2026  1105  
2007  1108  
1968  1110  
1937  1111  
1898  1111  
1850  1111  
1793  1112  
1708  1114  
1654  1116  
1599  1117  
1547  1117  
1497  1118  
1430  1119  
1398  1119  
1375  1120  
1360  1120  
1351  1121  
1348  1121  
1350  1123  
1353  1128  
1359  1134  
1365  1143  
1373  1154  
1385  1175  
1391  1190  
1393  1205  
1392  1222  
1386  1239  
1377  1256  
1356  1278  
1335  1291  
1308  1302  
1274  1310  
1233  1316  
1161  1320  
1110  1317  
1062  1309  
1020  1298  
983  1283  
938  1255  
917  1235  
902  1214  
894  1192  
894  1166  
902  1139  
922  1108  
943  1095  
966  1085  
989  1076  
1011  1068  
1039  1061  
1052  1060  
1058  1060  
1060  1061  

