2081  821  
2074  822  
2059  822  
2031  820  
1991  820  
1941  823  
1887  830  
1780  836  
1704  835  
1624  838  
1538  852  
1447  867  
1311  877  
1220  899  
1144  933  
1079  961  
1030  990  
997  1032  
989  1058  
990  1084  
997  1113  
1006  1141  
1014  1165  
1010  1194  
992  1211  
961  1226  
918  1239  
867  1250  
775  1258  
707  1256  
646  1245  
595  1225  
551  1196  
499  1144  
477  1108  
467  1068  
469  1022  
488  948  
545  869  
655  793  
742  743  
835  696  
924  657  
1919  824  
1921  824  
1919  822  
1920  821  
1920  817  
1920  813  
1920  806  
1922  795  
1925  788  
1927  782  
1929  778  
1931  777  
1932  776  
1934  776  
1935  777  
1936  781  
1938  786  
1938  793  
1937  803  
1936  810  
1934  818  
1931  826  
1928  834  
1920  847  
1913  857  
1905  867  
1897  877  
1889  887  
1877  901  
1869  908  
1861  913  
1852  915  
1842  915  
1832  911  
1818  902  
1809  894  
1803  887  
1798  879  
1796  871  
1795  859  
1797  851  

