1042  856  
1076  853  
1105  850  
1132  846  
1156  842  
1177  838  
1196  833  
1227  827  
1253  824  
1279  823  
1304  823  
1327  824  
1357  828  
1377  830  
1400  834  
1426  836  
1455  838  
1495  840  
1513  841  
1529  842  
1542  842  
1554  843  
1564  843  
1576  844  
1582  845  
1587  845  
1592  845  
1596  844  
1600  844  
1408  666  
1403  659  
1401  654  
1406  651  
1413  649  
1425  648  
1440  648  
1458  650  
1486  658  
1505  665  
1525  674  
1546  685  
1565  699  
1589  723  
1601  741  
1608  758  
1613  777  
1612  795  
1606  810  
1588  830  
1570  842  
1548  855  
1522  868  
1489  878  
1418  885  

