943  664  
961  627  
984  591  
1011  557  
1055  516  
1085  496  
1114  482  
1141  477  
1167  479  
1204  492  
1225  501  
1244  512  
1258  519  
1383  543  
1377  545  
1372  546  
1667  679  
1656  659  
1651  646  
1649  632  
1654  623  
1661  614  
1672  606  
1686  601  
1710  598  
1731  601  
1753  607  
1776  616  
1796  628  
1813  641  
1832  663  
1839  679  
1839  696  
1833  716  
1818  737  
1780  771  
1746  790  
1709  805  
1667  817  
1613  828  
1523  851  
1449  865  
1375  869  
1292  871  
1204  883  
1124  896  
1008  892  
931  885  
856  884  
808  885  
768  878  
718  856  
701  838  
696  818  
701  796  
715  772  
738  748  
786  717  
822  700  

