1014  1123  
2337  825  
2346  823  
2352  821  
2353  821  
2354  821  
2351  821  
2346  820  
2336  819  
2321  819  
2300  820  
2259  823  
2227  825  
2192  826  
2155  828  
2119  830  
2084  831  
2023  832  
1971  836  
1921  845  
1878  854  
1829  861  
1749  860  
1706  855  
1658  851  
1604  853  
1559  860  
1528  868  
1485  876  
1453  877  
1425  878  
1404  879  
1388  878  
1376  876  
1372  874  
1371  872  
1370  870  
1370  866  
1374  856  
1378  848  
1386  839  
1395  831  
1406  824  
1418  819  
1439  812  
1454  811  
1469  810  
1483  813  
1496  818  
1511  829  
1520  838  
1527  848  
1532  859  
1536  872  
1538  898  
1538  923  
1538  950  
1537  976  
1535  999  
1532  1018  
1519  1042  
1504  1056  

