736  897  
768  899  
799  909  
809  919  
814  931  
817  950  
817  961  
1730  69  
1729  67  
1729  69  
1732  79  
1739  116  
1742  151  
1746  189  
1752  230  
1760  273  
1776  344  
1789  396  
1801  451  
1811  508  
1819  569  
1822  669  
1815  740  
1799  816  
1776  893  
1748  976  
1711  1052  
1631  1137  
1565  1186  
1489  1220  
1406  1240  
1322  1246  
1204  1227  
1128  1196  
1059  1151  
1007  1105  
974  1064  
941  983  
928  901  
929  844  
939  812  
953  783  
972  758  
1005  734  
1030  725  
1055  721  

