1331  746  
1326  751  
1318  766  
1311  778  
1304  791  
1294  805  
1280  818  
1244  839  
1214  858  
1187  882  
1159  910  
1118  936  
1068  957  
1001  991  
940  1013  
868  1024  
814  1029  
759  1034  
678  1043  
643  1048  
617  1051  
600  1052  
593  1054  
592  1053  
1908  721  
1905  719  
1908  722  
1908  726  
1906  732  
1903  740  
1900  749  
1896  767  
1894  778  
1890  790  
1883  803  
1871  816  
1841  834  
1810  844  
1775  852  
1741  858  
1709  861  
1641  863  
1588  868  
1552  872  
1528  872  
1508  867  
1491  856  
1476  833  
1475  814  
1483  791  
1496  765  
1507  741  
1519  714  
1523  702  
1523  694  
1522  691  
1517  692  
1505  700  
1494  711  
1479  726  
1458  744  
1430  766  
1398  790  
1345  817  
1299  829  
1237  844  
1173  866  
1101  885  
1006  899  
940  907  
868  918  
826  925  
803  923  
792  917  
1097  743  
1097  741  
1105  732  
1119  726  
1189  720  
1198  721  
1785  641  
1782  636  
1785  636  
1784  635  
1782  635  
1777  636  
1771  637  
1763  640  
1753  644  
1742  649  
1718  658  
1697  663  
1675  668  
1654  673  
1634  678  
1608  684  
1595  686  
1585  687  
1579  688  
1575  688  
1572  688  
1570  688  
1569  688  
1567  688  
1568  689  
1571  712  
1570  713  
1571  713  
1571  714  
1570  717  
1570  719  
1570  721  
1570  724  
1570  727  
1567  734  
1565  740  
1564  747  
1563  755  
1563  762  
1561  770  
1557  783  
1553  792  
1548  801  
1543  810  
1538  819  
1531  831  
1524  839  
1517  847  
1508  856  
1498  863  
1481  873  
1465  880  
1444  886  
1425  892  
1408  896  
1391  899  
1369  901  
1358  902  
1346  901  
1333  900  
1319  898  
1297  895  
1284  894  
1274  893  
1267  893  
1261  893  
1255  893  
1774  664  
1771  662  
1771  663  
1769  666  
1767  670  
1765  675  
1760  684  
1757  692  
1755  702  
1751  713  
1746  724  
1741  742  
1737  756  
1733  770  
1728  785  
1722  801  
1715  820  
1710  831  
1706  841  
1700  851  
1692  860  
1682  871  
1665  890  
1649  909  
1630  931  
1608  951  
1586  971  
1565  994  
1554  1004  
1545  1012  
1535  1019  
1522  1025  
1496  1034  
1473  1039  
1446  1045  
1421  1050  
1396  1056  
1371  1063  
1330  1074  
1298  1080  
1264  1086  
1230  1090  
1195  1093  
1142  1098  
1101  1101  
1059  1104  
1023  1107  
991  1110  
947  1114  
920  1115  
897  1116  
877  1117  
861  1117  
850  1116  
839  1113  
835  1113  
834  1112  
833  1112  
833  1113  
1222  885  
1180  892  
1137  901  
1106  902  
1076  901  
1047  898  
1037  897  
1034  897  
1038  896  
1050  896  
1085  895  
1099  894  
519  941  
515  921  
522  898  
533  877  
551  852  
565  837  
581  819  
601  795  
625  764  
656  728  
715  674  
764  640  
819  605  
884  571  
955  539  
1069  500  
1146  482  
1219  473  
1286  472  
1344  478  
1422  498  
1463  518  
1491  544  
1508  571  
1514  600  
1512  627  
1491  664  
1467  688  
1435  711  
1395  732  
1353  749  
1288  767  
1241  773  
1192  776  
1137  776  
1072  774  

