1689  1036  
1944  661  
1946  652  
1950  651  
1952  655  
1952  663  
1950  682  
1948  698  
1945  717  
1944  739  
1944  763  
1938  795  
1928  815  
1911  833  
1889  852  
1857  872  
1808  888  
1728  908  
1653  925  
1561  947  
1476  965  
1393  981  
1257  997  
1171  993  
1097  987  
1031  980  
986  964  
908  913  
868  878  
853  853  
851  830  
854  802  
859  767  
873  715  
886  686  
903  664  
924  646  
948  633  
989  624  
1017  624  
1046  630  
1073  639  
1096  654  
1120  684  
1127  711  
1125  740  
1112  769  
1083  794  
1041  815  
966  834  
907  846  
856  866  
819  887  
1863  930  
1865  936  
1865  946  
1861  954  
1851  967  
1837  976  
1817  985  
1791  993  
1761  1001  
1716  1015  

