1688  485  
1685  500  
1687  514  
1701  529  
1716  535  
1735  536  
1754  534  
1774  530  
1791  524  
1817  514  
1832  506  
1846  498  
1858  488  
1866  479  
1873  466  
1873  458  
1873  453  
1871  449  
1870  449  
1869  452  
1869  457  
1870  465  
1873  475  
1877  490  
1882  506  
1888  533  
1892  555  
1892  578  
1891  602  
1887  626  
1878  665  
1869  693  
1856  722  
1839  755  
1816  788  
1777  827  
1750  847  
1726  864  
1702  878  
1664  899  
1609  930  
1538  965  
1496  977  
1443  983  
1391  987  
1351  988  
1272  976  
1216  957  
1178  935  
1147  912  
1115  891  
1071  858  
1054  834  
1042  808  
1035  778  
1031  746  
1034  713  
1049  667  
1064  639  
1084  613  
1110  587  
1141  560  
1194  518  
1214  503  
1729  289  
1727  298  
1730  302  
1732  303  

