736  1033  
718  995  
715  964  
723  929  
742  897  
776  868  
814  838  
1345  814  
1351  815  
1364  819  
1376  820  
1506  832  
1532  831  
1546  831  
1555  827  
1556  822  
1463  712  
1453  693  
1455  676  
1460  665  
1811  1051  
1834  1042  
1851  1035  
1867  1029  
1882  1025  
1898  1022  
1922  1021  
1935  1021  
1944  1024  
1948  1026  
1946  1028  
1926  1033  
1900  1036  
1860  1040  
1797  1046  
1724  1056  
1600  1070  
1506  1078  
1410  1090  
1321  1107  
1248  1127  
1189  1147  
1128  1180  
1102  1203  
1084  1227  
1070  1249  
1060  1268  
1045  1286  
1031  1293  
1014  1295  
993  1295  
970  1289  
937  1268  
919  1247  
908  1218  
903  1183  
904  1147  
913  1111  
955  1061  
975  1044  
1483  868  
1492  875  
1493  902  
1490  926  
1488  948  
1487  963  
1486  970  
1486  967  
1487  955  
1490  935  
1497  907  
1506  885  
1519  871  
1530  870  
1540  877  
1552  900  
1574  951  
1590  983  
2226  1050  
2245  1046  
2273  1044  
2290  1044  
2307  1044  
2321  1046  
2337  1049  
2344  1049  
2345  1050  
2340  1050  
2325  1051  
2307  1051  
2283  1051  
2253  1051  
2216  1051  
2154  1052  
2111  1055  
2061  1059  
2001  1064  
1939  1067  
1884  1070  
1796  1076  
1743  1082  
1700  1086  
1663  1089  
1632  1092  
1598  1093  

