2011  542  
1990  546  
1959  548  
1898  543  
1850  534  
1800  521  
1754  505  
1718  485  
1681  428  
1685  403  
1698  378  
1715  355  
1745  327  
1765  315  
1784  310  
1804  311  
1827  319  
1851  335  
1891  377  
1917  413  
1943  454  
1968  499  
1993  547  
2028  625  
2048  682  
2064  744  
2079  808  
2093  871  
2093  979  
2071  1040  
2034  1086  
1983  1126  
1921  1161  
1844  1189  
1701  1217  
1594  1224  
1475  1221  
1350  1211  
1228  1194  
1048  1156  
944  1120  
861  1080  
795  1034  
740  980  
691  891  
681  844  
683  801  
699  754  
725  709  
756  677  
798  646  
821  635  
840  629  
854  628  
861  629  
869  634  
874  634  
1658  194  
1656  195  
1661  197  
1670  197  
1684  197  
1718  196  
1746  194  
1776  192  
1806  189  
1836  187  
1861  186  
1892  185  
1908  186  
1920  189  
1927  192  
1928  195  
1923  205  
1919  209  
1905  666  
1909  667  
1906  667  
1898  667  

