1998  1009  
1952  1014  
1930  1014  
1911  1015  
1893  1015  
1875  1015  
1854  1015  
1812  1017  
1784  1019  
1763  1021  
1745  1022  
1731  1025  
1714  1027  
1706  1028  
1700  1028  
1697  1028  
1695  1028  
1694  1026  
1694  1023  
1694  1020  
1696  1016  
1698  1010  
1699  1005  
1703  998  
1704  994  
1704  991  
1705  990  
1705  989  
1706  989  
1706  991  
1706  994  
1706  998  
1706  1003  
1705  1010  
1704  1015  
1702  1019  
1700  1024  
1697  1028  
1694  1032  
1688  1036  
1684  1038  
1680  1040  
1676  1042  
1673  1042  
1668  1042  
1665  1042  
1662  1042  
1661  1041  
1659  1040  
1659  1037  
1659  1034  
1659  1032  
1660  1029  
1660  1027  
1662  1025  
1664  1021  
1666  1019  
1669  1016  
1671  1015  
1672  1015  
1672  1016  
1672  1019  
1670  1022  
1667  1026  
1664  1029  
1659  1035  
1654  1038  
1650  1042  
1646  1044  
1641  1047  
1636  1050  
1630  1052  
1626  1053  
1622  1053  
1619  1053  
1617  1053  
1614  1052  
1612  1050  
1611  1047  
1609  1045  
1609  1043  
1608  1039  
1608  1037  
1608  1034  
1608  1031  
1608  1029  
1608  1028  
1609  1029  
1609  1030  
1609  1034  
1609  1036  
1609  1039  
1607  1041  
1605  1043  
1600  1046  
1595  1048  
1589  1050  
1581  1053  
1572  1055  
1561  1057  
1542  1060  
1528  1062  
1513  1065  
1495  1067  
1474  1070  
1437  1074  
1413  1076  
1390  1079  
1368  1081  
1346  1084  
1312  1087  
1288  1089  
1263  1091  
1240  1092  
1217  1093  
1198  1094  
1171  1094  
1157  1095  
1145  1095  
1133  1097  
1126  1097  
1694  1086  
1698  1085  
1704  1085  
1708  1084  
1714  1084  
1720  1084  
1729  1084  
1738  1083  
1756  1082  
1769  1081  
1781  1081  
1793  1081  
1804  1080  

