1799  615  
1797  634  
1794  656  
1791  679  
1789  704  
1788  742  
1787  769  
1785  795  
1783  819  
1780  842  
1777  876  
1776  900  
1773  925  
1768  951  
1760  975  
1749  995  
1728  1019  
1710  1031  
1685  1042  
1651  1050  
1609  1054  
1549  1055  
1506  1054  
1455  1054  
1401  1055  
1353  1059  
1275  1064  
1220  1065  
1168  1064  
1113  1065  
1058  1068  
1011  1072  
940  1079  
889  1081  
843  1081  
802  1079  
762  1075  
705  1069  
691  1066  
1411  613  
1401  618  
1388  624  
1372  630  
1352  636  
1333  642  
1309  652  
1300  659  
1298  665  
1301  673  
1309  682  
1328  697  
1343  711  
1359  724  
1375  738  
1389  751  
1399  765  
1401  784  
1391  796  
1375  807  
1353  815  
1320  821  
1245  829  
1214  832  
2072  940  
2076  941  
2087  942  
2095  945  
2099  947  
2101  949  
2102  952  
2102  955  
2099  958  
2094  961  
2088  965  
2071  973  
2051  980  
2021  985  
1982  990  
1944  992  
1901  992  
1875  992  
1842  994  
1799  999  
1759  1005  

