1590  482  
1618  522  
1655  587  
1676  632  
1693  682  
1705  739  
1712  797  
1714  865  
1707  921  
1683  991  
1640  1042  
1591  1075  
1510  1133  
1441  1177  
1367  1215  
1290  1245  
1209  1268  
1124  1285  
987  1303  
900  1308  
818  1306  
744  1298  
681  1282  
1733  537  
1737  537  
1717  544  
1685  551  
1639  556  
1580  557  
1511  553  
1439  544  
1338  523  
1287  506  
1251  486  
1225  436  
1243  388  
1270  351  
1307  318  
1349  289  
1393  267  
1460  252  
1500  255  
1537  269  
1571  295  
1601  331  
1628  376  
1660  455  
1676  512  

