737  780  
625  788  
570  791  
1357  677  
1356  671  
1361  667  
1372  654  
1382  644  
1397  634  
1419  624  
1446  615  
1496  603  
1532  599  
1572  597  
1614  598  
1657  601  
1700  605  
1765  614  
1809  623  
1853  633  
1897  645  
1938  656  
1993  670  
2024  678  
2050  685  
2071  690  
2088  695  
2106  699  
2110  699  
2108  699  
2097  695  
2078  691  
2054  686  
2014  680  
1987  676  
1961  675  
1936  675  
1913  678  
1883  684  
1868  691  
1856  701  
1846  713  
1836  727  
1817  750  
1802  766  
1784  780  
1764  791  
1744  801  
1726  809  
1699  818  
1679  823  
1655  828  
1624  832  
1590  838  
1546  849  
1517  856  
1482  862  
1440  866  
1399  866  
1350  860  
1311  855  
1259  854  
1212  859  
1173  866  
1126  871  
1043  867  
997  860  
942  854  
878  856  
825  864  
735  869  
664  862  
590  851  
2141  893  
2169  881  
2183  876  
2200  871  
2217  865  
2233  861  
2250  856  
2275  849  
2292  844  
2307  841  
2320  838  
2330  836  
2338  835  
2339  835  
2337  836  
2332  838  
2323  842  

