1275  311  
1250  319  
1244  318  
1361  307  
1361  312  
1361  323  
1363  341  
1364  377  
1365  407  
1365  442  
1367  479  
1370  519  
1375  585  
1376  635  
1374  690  
1372  748  
1373  803  
1378  870  
1380  925  
1379  989  
1374  1037  
1370  1072  
1369  1099  
1369  1128  
1369  1140  
1366  1147  
1366  1148  
1384  137  
1384  131  
1383  129  
1378  129  
1369  136  
1347  152  
1338  163  
1338  173  
1347  183  
1364  192  
1393  208  
1406  220  
1408  232  
1397  245  
1376  258  
1335  273  
1316  280  
1311  280  
1365  292  
1368  290  
1368  289  

