909  806  
1086  816  
1092  814  
1100  813  
1107  809  
1239  793  
1256  794  
1257  798  
1246  805  
1677  723  
1680  734  
1682  751  
1679  784  
1673  805  
1666  824  
1656  841  
1640  857  
1598  883  
1566  905  
1537  927  
1497  943  
1436  953  
1368  961  
1235  967  
1148  967  
1071  968  
1004  974  
933  979  
843  976  
819  973  
804  973  
793  970  
788  967  
1154  722  
1158  724  
1163  726  
1169  730  
1175  730  
1272  706  
1283  708  
1289  711  
1289  715  
1796  840  
1795  835  
1798  836  
1795  840  
1792  844  
1787  849  
1782  857  
1775  865  
1760  875  
1747  880  

