1619  548  
1619  549  
1620  555  
1622  566  
1625  583  
1630  616  
1632  640  
1632  662  
1629  677  
1623  688  
1609  695  
1597  695  
1580  688  
1559  677  
1535  663  
1510  645  
1477  615  
1461  597  
1450  582  
1444  573  
1441  568  
1440  567  
1441  570  
1445  577  
1451  592  
1460  613  
1477  655  
1490  687  
1502  724  
1514  766  
1522  808  
1525  842  
1522  892  
1515  934  
1506  979  
1492  1015  
1466  1045  
1410  1087  
1369  1113  
1321  1135  
1266  1145  
1205  1144  
1099  1120  
1027  1097  
961  1074  
893  1042  
838  989  
802  925  
762  852  
747  809  
747  759  
762  712  
785  676  
829  642  
858  631  
885  627  
908  627  
928  631  
951  640  
961  647  
966  653  
967  659  
965  662  
959  664  
958  663  
1460  405  
1462  386  
1465  368  
1471  348  
1478  327  
1485  309  
1496  287  
1503  275  
1509  268  
1515  263  
1523  262  
1536  265  
1547  271  
1559  280  
1570  290  
1581  301  
1590  310  
1602  321  
1610  327  
1618  336  
1627  345  
1635  355  
1645  368  

