1373  882  
1326  874  
1252  868  
1351  638  
1347  639  
1346  639  
1345  639  
1343  643  
1341  643  
1525  608  
1522  607  
1519  601  
1521  598  
1523  595  
1528  592  
1534  590  
1544  588  
1565  587  
1582  589  
1602  593  
1622  600  
1643  608  
1672  622  
1689  634  
1704  648  
1716  663  
1726  679  
1732  696  
1733  724  
1728  742  
1722  760  
1713  777  
1701  791  
1678  807  
1656  816  
1628  823  
1595  831  
1564  839  
1520  850  
1485  856  
1444  859  
1405  859  
1377  857  
1356  853  
1324  848  
1303  847  
1285  846  
1270  846  
1258  846  
1246  846  
1241  845  
1589  532  
1589  535  
1588  535  
1875  832  
1876  832  
1877  833  
1880  832  
1883  831  
1887  831  
1891  829  
1898  828  
1904  826  
1911  825  
1920  822  
1928  821  
1938  819  
1952  819  
1961  818  
1970  818  
1977  817  
1983  817  

