1371  895  
1355  910  
1328  934  
1282  958  
1231  978  
1171  996  
1121  1007  
1061  1019  
1005  1034  
938  1044  
863  1047  
1661  332  
1665  338  
1675  360  
1683  382  
1693  409  
1706  439  
1719  473  
1737  528  
1748  570  
1755  615  
1758  664  
1755  719  
1745  780  
1722  849  
1699  891  
1650  953  
1582  1009  
1512  1036  
1382  1069  
1290  1086  
1194  1091  
1093  1088  
995  1082  
867  1056  
801  1021  
744  971  
699  911  
673  855  
658  805  
657  723  
672  668  
696  620  
726  578  
763  543  
827  505  
871  489  
912  480  
947  477  
976  478  
1008  488  

