2185  925  
2188  924  
2190  924  
2191  924  
2191  923  
2189  923  
2187  923  
2183  923  
2178  924  
2170  926  
2163  927  
2155  929  
2146  932  
2136  934  
2119  939  
2107  943  
2094  946  
2080  950  
2062  954  
2036  957  
1980  962  
1944  963  
1917  963  
1897  962  
1881  958  
1859  952  
1843  946  
1827  940  
1812  932  
1800  922  
1787  903  
1781  892  
1778  881  
1775  871  
1774  862  
1773  853  
1772  844  
1771  840  
1770  837  
1769  835  
1769  834  
1770  836  
1772  839  
1774  843  
1777  850  
1780  861  
1783  870  
1785  878  
1786  888  
1787  899  
1787  911  
1785  930  
1783  942  
1779  954  
1774  965  
1767  975  
1752  989  
1740  997  
1729  1005  
1714  1012  
1696  1020  
1670  1026  
1615  1032  
1577  1032  
1546  1031  
1516  1030  
1479  1029  
1415  1028  
1378  1030  
1345  1032  
1307  1034  
1264  1032  
1208  1023  
1181  1014  
1155  1005  
1128  996  
1099  988  
1072  979  
1047  965  
1038  955  
1033  945  
1032  934  
1033  922  
1042  904  
1052  894  
1067  886  
1091  879  
1120  872  
1143  862  
1530  880  
1545  878  
1555  877  
1557  877  
1556  877  
1552  877  
1545  878  
1532  883  
1521  886  
1507  888  
1490  890  
1469  891  
1435  892  
1417  893  
1404  893  

