1877  594  
1720  525  
1711  501  
1698  496  
1679  499  
1652  505  
1615  516  
1546  539  
1496  556  
1451  573  
1422  589  
1407  605  
1412  623  
1430  631  
1461  637  
1500  641  
1543  645  
1582  652  
1628  670  
1646  687  
1654  709  
1651  737  
1636  768  
1590  817  
1546  853  
1492  901  
1431  958  
1381  1014  
1330  1090  
1310  1140  
1303  1191  
1306  1237  
1320  1279  
1345  1314  
1408  1355  
1466  1373  
1532  1382  
1600  1380  
1670  1368  
1782  1334  
1850  1303  
1904  1271  
1938  1239  
1953  1207  
1941  1152  
1914  1112  
1870  1076  
1804  1044  
1731  1018  
1638  985  
1481  929  
1378  897  
1271  874  
1174  870  
1093  867  
996  850  
946  836  
1425  411  
1435  394  
1440  394  
1445  400  
1450  408  
2363  790  
2358  786  
2348  787  
2328  794  
2308  801  
2283  809  
2251  816  
2209  822  
2130  828  
2072  829  
2003  829  
1931  837  
1861  849  
1748  857  
1685  855  
1616  857  
1553  865  

