1395  893  
1390  893  
1389  893  
1392  893  
1399  893  
1413  891  
1606  800  
1603  796  
1604  797  
1606  799  
1608  802  
1612  809  
1613  814  
1613  819  
1612  824  
1607  829  
1594  836  
1582  841  
1566  848  
1546  857  
1521  867  
1484  876  
1408  881  
1364  879  
1308  876  
1236  881  
1175  891  
1081  898  
1022  892  
967  881  
900  875  
846  875  
807  874  
788  869  
776  861  
772  851  
778  841  
794  829  
827  810  
852  797  
881  788  
911  779  
1195  797  
1197  796  
1201  793  
1209  793  
1304  798  
1319  801  
1335  801  
1571  842  
1570  842  
1571  843  
1572  843  
1575  843  
1580  843  
1586  843  
1595  842  
1607  841  
1623  840  
1640  840  
1667  840  
1685  840  
1703  841  
1721  842  
1740  842  
1778  842  
1808  841  
1838  839  
1864  836  
1885  834  
1911  830  
1926  829  
1938  828  
1948  827  
1956  827  
1960  827  
1964  829  
1961  829  
796  868  
797  870  
795  870  
792  870  
787  871  
782  872  
775  874  
767  874  
756  874  
732  875  
711  875  
692  875  
675  874  
656  872  
638  870  
601  867  
562  868  

