2331  837  
2350  838  
2364  840  
2378  843  
2382  844  
2383  847  
2380  848  
2375  851  
1443  480  
1437  487  
1431  486  
1427  482  
1422  475  
1415  460  
1411  446  
1408  427  
1406  405  
1405  382  
1413  350  
1428  330  
1455  312  
1493  300  
1540  292  
1593  293  
1673  309  
1723  327  
1768  352  
1808  381  
1839  411  
1865  462  
1867  496  
1855  530  
1831  562  
1792  595  
1708  642  
1644  673  
1579  706  
1509  745  
1433  785  
1363  817  
1266  857  
1208  902  
1176  955  
1159  1001  
1147  1038  
1144  1087  
1155  1119  
1180  1148  
1217  1170  
1263  1187  
1342  1197  
1401  1193  
1466  1182  
1526  1166  
1579  1145  
1626  1123  
1676  1094  
1695  1076  
1703  1058  
1702  1041  
1694  1024  
1660  989  
1617  958  
1572  928  
1538  905  
1503  889  
1422  860  
1361  836  
1293  815  
1212  800  
1114  791  
1005  780  
849  775  

