1360  848  
1360  845  
1361  838  
1367  816  
1374  793  
1385  759  
1403  717  
1425  672  
1449  630  
1489  569  
1517  531  
1545  495  
1575  464  
1606  437  
1657  405  
1696  390  
1737  380  
1780  378  
1822  382  
1885  402  
1926  423  
1962  450  
1994  481  
2021  513  
2042  550  
2062  606  
2067  642  
2064  675  
2052  705  
2029  733  
1977  768  
1930  787  
1872  804  
1797  813  
1719  813  
1610  804  
1541  793  
1473  771  
1411  739  
1362  701  
1323  663  
1277  609  
1251  576  
1231  546  
1217  520  
1209  500  
1205  481  
1205  476  
1207  476  
1210  479  
1215  488  
1226  514  
1234  538  
1242  565  
1249  594  
1255  625  
1260  656  
1260  709  
1250  748  
1229  785  
1201  815  
1167  840  
1088  873  
1028  885  
959  896  
873  915  
799  934  
696  938  
640  928  
578  912  
512  900  
472  893  
451  888  
432  873  
1689  203  
1682  199  
1682  200  
1681  202  
1681  204  
1683  206  
1685  206  
1688  207  
1690  205  
1693  202  
1696  199  
1697  195  
1698  194  
1395  1182  
1394  1184  
1400  1170  
1411  1141  
1428  1101  
1452  1056  
1496  973  

