1773  500  
1778  503  
1779  505  
1780  510  
1783  517  
1790  535  
1795  551  
1799  568  
1803  587  
1805  607  
1807  634  
1806  651  
1800  664  
1787  673  
1768  677  
1734  673  
1709  662  
1685  646  
1664  624  
1645  600  
1631  574  
1615  539  
1607  521  
1600  509  
1597  501  
1595  498  
1599  502  
1604  511  
1609  525  
1615  544  
1622  566  
1630  589  
1636  624  
1634  643  
1626  659  
1610  670  
1589  676  
1544  676  
1509  668  
1472  654  
1439  635  
1413  612  
1387  576  

