1999  853  
2018  866  
2039  890  
2046  912  
2047  935  
2040  959  
2022  983  
1977  1013  
1944  1025  
1917  1032  
1890  1036  
1861  1040  
1808  1043  
1774  1043  
1747  1042  
1729  1038  
1717  1032  
1709  1025  
1702  1012  
1701  1005  
1701  998  
1701  992  
1701  990  
1701  989  
1701  991  
1700  994  
1699  999  
1695  1005  
1684  1017  
1672  1025  
1656  1033  
1637  1040  
1613  1045  
1589  1049  
1556  1051  
1534  1053  
1508  1055  
1477  1058  
1441  1061  
1387  1066  
1353  1069  
1318  1071  
1278  1071  
1238  1070  
1184  1066  
1148  1063  
1108  1061  
1069  1061  
1035  1061  
1008  1063  
972  1065  
948  1065  
927  1065  
910  1065  
898  1064  
886  1063  
881  1062  
879  1062  
877  1061  
877  1062  
878  1064  
1795  1047  
1800  1047  
1806  1049  
1811  1049  
1816  1049  
1821  1048  
1827  1048  
1832  1048  
1836  1048  
1841  1048  
1846  1048  
1855  1048  
1860  1048  
1866  1049  
1872  1049  
1878  1049  
1886  1049  
1891  1049  
1896  1049  
1901  1049  
1906  1049  
1910  1049  
1915  1048  
1918  1048  
1921  1047  
1923  1047  
1925  1046  
1929  1045  
1931  1045  
1934  1044  
1936  1044  
1939  1044  
1943  1043  
1946  1043  
1950  1043  
1954  1043  
1959  1043  
1963  1043  
1971  1042  
1977  1042  
1982  1041  
1988  1041  
1993  1040  
2001  1040  
2006  1040  
2012  1039  
2018  1039  
2025  1038  
2036  1037  
2043  1036  
2050  1036  
2058  1035  

