1273  1002  
1208  995  
1157  986  
1103  983  
1038  984  
1015  986  
1001  984  
991  978  
989  975  
1627  601  
1604  595  
1578  597  
1545  596  
1508  594  
1468  589  
1409  580  
1375  570  
1347  556  
1327  540  
1315  525  
1312  501  
1317  483  
1327  466  
1338  448  
1352  430  
1375  406  
1389  393  
1401  384  
1411  378  
1422  375  
1435  374  
1458  377  
1475  386  
1493  400  
1510  418  
1528  440  
1554  479  
1571  507  
1588  540  
1604  575  
1618  614  
1638  676  
1648  719  
1654  764  
1658  806  
1659  839  
1656  873  
1636  966  
1613  1023  
1589  1054  
1564  1077  
1530  1100  
1458  1135  
1404  1154  
1352  1168  
1300  1176  
1249  1178  
1174  1173  
1123  1159  
1077  1142  
1858  411  
1866  414  
1866  412  
1867  409  
1865  405  
1861  398  
1846  384  
1828  374  
1802  366  

