1790  1034  
1804  1033  
1824  1033  
1834  1032  
1842  1032  
1848  1032  
1853  1033  
1858  1033  
1864  1034  
1867  1036  
1870  1038  
1677  1064  
1673  1064  
1668  1065  
1655  1067  
1644  1068  
1634  1070  
1624  1070  
1616  1071  
1607  1072  
1603  1073  
1602  1073  
1605  1072  
1610  1071  
1622  1069  
1632  1067  
1644  1065  
1657  1064  
1670  1062  
1687  1060  
1695  1060  
1700  1059  
1702  1059  
1699  1059  
1694  1060  
1687  1060  
1677  1061  
1667  1063  
1655  1064  
1639  1065  
1630  1065  
1621  1066  
1614  1066  
1608  1066  
1602  1066  
1600  1065  
1603  1065  
1606  1065  
1610  1065  
1616  1065  
1624  1065  
1632  1064  
1647  1062  
1658  1060  
1667  1059  
1673  1058  
1676  1057  
1674  1057  
1671  1057  
1665  1058  
1657  1060  
1643  1061  
1634  1063  
1625  1064  
1617  1065  
1610  1066  
1605  1066  
1602  1067  
1601  1067  
1600  1067  
1598  1067  
1597  1066  
1596  1065  
1595  1065  
1594  1064  
1593  1064  
1594  1064  
1596  1063  
1602  1063  
1611  1063  
1622  1063  
1642  1062  
1655  1060  
1666  1059  
1675  1058  
1683  1057  
1689  1056  
1688  1056  
1684  1056  
1678  1057  
1665  1058  
1655  1059  
1645  1060  
1635  1060  
1624  1060  
1615  1060  
1603  1060  
1597  1060  
1591  1060  
1587  1060  
1583  1059  
1579  1058  
1578  1058  
1578  1057  
1580  1057  
1583  1056  
1589  1055  
1598  1054  
1609  1054  

