1874  1003  
1848  1043  
1795  1066  
1727  1084  
1648  1092  
1498  1089  
1384  1082  
1270  1064  
1163  1035  
1072  998  
1008  947  
942  865  
921  833  
921  802  
933  766  
951  728  
982  686  
1004  672  
1026  666  
1046  668  
1066  678  
1384  1231  
1388  1224  
1394  1226  
1398  1230  
1405  1237  
2431  1581  
2431  1587  
2431  1589  
2435  1590  
2438  1591  
2443  1592  
2452  1589  
2464  1583  
2472  1576  
2478  1570  
2483  1566  
2488  1562  
2491  1559  
2492  1556  
2493  1552  
2493  1551  
2493  1550  
2491  1553  
2489  1557  
2488  1559  
2487  1562  
2486  1563  
2486  1564  
2485  1566  
2485  1569  
2485  1571  

