2072  916  
2080  918  
2087  919  
2092  919  
2095  920  
2094  920  
2092  919  
2088  917  
2078  915  
2067  913  
2049  910  
2026  906  
2000  903  
1961  902  
1939  903  
1921  906  
1905  910  
1893  914  
1883  918  
1868  924  
1855  928  
1837  933  
1814  938  
1793  944  
1765  951  
1750  956  
1737  960  
1727  965  
1715  970  
1700  976  
1671  987  
1644  993  
1612  997  
1584  997  
1563  997  
1541  996  
1528  996  
1514  997  
1499  998  
1480  1000  
1444  1003  
1421  1005  
1399  1009  
1379  1014  
1360  1019  
1339  1025  
1297  1032  
1262  1034  
1227  1035  
1197  1033  
1168  1031  
1117  1031  
1077  1032  
1041  1035  
1011  1039  
983  1043  
933  1048  
896  1048  
863  1047  
837  1043  
813  1039  
787  1036  
744  1033  
714  1031  
688  1031  
667  1030  
648  1031  
621  1032  
598  1034  
568  1034  
534  1032  
503  1029  
466  1023  
445  1018  
425  1015  
403  1012  
379  1011  
355  1009  
323  1008  
303  1007  
285  1006  
270  1006  
256  1006  
238  1006  
228  1006  
221  1005  
215  1005  
211  1005  
206  1005  
205  1005  
206  1002  
1879  924  
1881  917  
1885  912  
1889  908  
1894  904  
1902  899  
1909  897  
1918  896  
1929  894  
1944  893  
1965  893  
2009  895  
2038  899  
2062  903  
2080  906  

