1057  1060  
1054  1060  
1169  1205  
1168  1208  
1171  1211  
1762  1021  
1749  1009  
1744  998  
1744  983  
1748  963  
1755  941  
1774  904  
1794  882  
1819  865  
1845  851  
1872  840  
1912  830  
1942  829  
1979  833  
2019  843  
2055  859  
2088  894  
2100  923  
2104  953  
2100  983  
2088  1013  
2067  1040  
2019  1070  
1988  1081  
1960  1087  
1934  1087  
1913  1082  
1896  1068  
1895  1054  
1901  1041  
1912  1031  
1925  1027  
1942  1027  
1972  1030  
1989  1035  
1998  1041  
1997  1048  
1989  1055  
1963  1066  
1938  1072  
1910  1077  
1876  1082  
1833  1087  
1758  1096  
1710  1103  
1660  1110  
1606  1117  
1551  1124  
1492  1130  
1397  1136  
1339  1139  
1284  1142  
1230  1143  
1178  1143  
1104  1140  
1061  1136  
1024  1129  
995  1123  
2234  1016  
2239  1017  
2237  1021  
2230  1025  

