1871  782  
1858  798  
1829  816  
1798  831  
1746  851  
1716  859  
1677  863  
1622  868  
1571  875  
1541  877  
1521  868  
1518  851  
1523  829  
1534  806  
1548  782  
1564  754  
1570  744  
1572  739  
1573  739  
1570  742  
1559  756  
1544  772  
1522  792  
1486  814  
1435  836  
1384  853  
1299  870  
1222  893  
1152  923  
1079  944  
1022  962  
968  996  
950  1006  
1254  776  
1260  765  
1271  761  
1296  768  
1303  768  
1376  763  
1381  761  
1382  757  
1382  753  
1305  674  
1295  666  
1289  674  
1282  688  
1925  843  
1912  845  
1895  847  
1871  850  
1833  851  
1781  851  
1710  845  
1660  841  
1602  842  
1554  847  
1517  852  
1462  854  
1428  853  
1404  851  
1388  849  
1379  847  
1373  843  
1372  840  
1372  836  
1375  830  
1380  822  
1387  812  
1402  795  
1411  784  
1417  776  
1421  769  
1421  766  
1413  768  
1402  773  
1387  782  
1371  792  
1350  802  

