1491  704  
1509  740  
1524  771  
1535  793  
1543  807  
1547  823  
1056  1120  
1059  1085  
1067  1045  
1083  1001  
1121  902  
1150  842  
1176  794  
1198  749  
1219  709  
1241  675  
1276  637  
1299  623  
1321  617  
1341  617  
1361  624  
1397  646  
1427  669  
1461  698  
1497  732  
1527  768  
1559  814  
1569  837  
1571  859  
1568  881  
1559  910  
1544  940  
1506  968  
1460  977  
1403  987  
1346  1000  
1271  1008  
1164  1000  
1096  999  
1035  1003  
990  1009  
940  1010  
888  998  
844  959  
835  936  
996  250  
995  247  
999  251  
1006  261  
1026  287  
1046  311  
1070  338  
1097  369  
1124  403  
1165  457  
1189  492  
1210  524  
1227  551  
1238  571  
1245  584  
1248  595  
1248  599  
1250  603  
1250  605  
1363  435  
1365  435  
1367  438  
1371  445  

