1980  696  
1950  726  
1910  761  
1857  798  
1748  839  
1661  858  
1559  894  
1449  938  
1330  977  
1156  1003  
1063  1008  
988  1012  
921  993  
868  944  
848  889  
857  819  
874  758  
899  688  
933  624  
978  564  
1059  487  
1113  452  
1167  430  
1219  422  
1268  427  
1341  458  
1390  490  
1440  529  
1483  571  
1516  613  
1534  653  
1533  716  
1513  761  
1468  803  
1404  832  
1329  851  
1175  892  
1068  917  
946  932  
821  945  
709  953  
527  957  
423  952  
351  941  
295  913  
582  88  
605  69  
637  64  
669  78  
708  103  
780  156  
834  197  
891  239  
947  283  
997  329  
1061  396  
1094  440  
1119  481  
1136  517  
1140  529  

