1685  570  
1687  627  
1679  689  
1651  789  
1613  845  
1561  906  
1504  984  
1430  1050  
1345  1095  
1199  1152  
1076  1181  
945  1202  
822  1210  
704  1209  
1556  578  
1427  558  
1377  550  
1335  540  
1304  528  
1283  514  
1269  486  
1270  467  
1279  446  
1294  426  
1316  407  
1358  381  
1390  369  
1423  364  
1454  369  
1483  383  
1511  405  
1549  453  
1572  494  
1593  541  
1612  592  
1626  646  
1640  736  
1643  797  
1640  848  
1621  907  
1589  989  
1536  1071  
1480  1109  
1409  1149  
1331  1183  

