1816  1080  
1818  1080  
1817  1080  
1814  1080  
1805  1080  
1797  1080  
1786  1080  
1774  1080  
1761  1080  
1748  1080  
1730  1080  
1719  1081  
1706  1082  
1692  1083  
1678  1084  
1655  1085  
1640  1086  
1623  1086  
1606  1086  
1590  1086  
1574  1087  
1551  1087  
1537  1087  
1524  1087  
1511  1086  
1499  1085  
1484  1084  
1475  1083  
1468  1082  
1461  1082  
1455  1081  
1449  1080  
1447  1080  
1446  1081  
1444  1080  
1424  1087  
1422  1085  
1423  1083  
1423  1082  
1423  1080  
1424  1077  
1424  1073  
1424  1069  
1425  1062  
1426  1059  
1426  1058  
1426  1057  
1427  1057  
1427  1058  
1427  1060  
1429  1063  
1430  1067  
1430  1071  
1431  1078  
1430  1082  
1427  1086  
1423  1090  
1418  1094  
1412  1097  
1403  1100  
1397  1101  
1391  1101  
1386  1099  
1383  1096  
1379  1089  
1378  1083  
1378  1078  
1377  1073  
1377  1070  
1377  1068  
1378  1068  
1378  1069  
1379  1071  
1380  1075  
1381  1079  
1381  1084  
1379  1087  
1376  1091  
1373  1093  
1369  1095  
1364  1098  
1359  1100  
1355  1100  
1351  1100  
1347  1100  
1343  1098  
1340  1096  
1337  1093  
1335  1089  
1333  1086  
1332  1082  
1330  1076  
1329  1072  
1328  1069  
1328  1066  
1328  1065  
1329  1065  
1331  1067  
1332  1071  
1334  1075  

