1588  860  
1559  873  
1533  887  
1488  908  
1446  915  
1404  918  
1371  917  
1337  912  
1256  903  
1205  897  
1606  562  
1607  559  
1610  560  
1614  565  
2120  661  
2126  632  
2125  624  
2119  623  
2105  624  
2082  631  
2054  643  
2011  666  
1987  685  
1969  707  
1957  731  
1953  754  
1962  782  
1982  796  
2014  805  
2054  813  
2097  818  
2162  822  
2203  824  
2235  824  
2259  825  
2273  827  
2278  829  
2270  834  
2251  840  
2225  848  
2192  855  
2155  861  
2099  864  
2056  863  
1995  865  
1932  875  
1884  889  
1807  907  
1754  914  
1712  920  
1657  927  
1588  937  
1534  945  
1465  953  
1416  957  
1383  960  
1363  962  
1351  962  
1346  954  
1878  601  
1887  593  
1882  594  

