1396  310  
1405  283  
1416  258  
1432  229  
1443  216  
1455  208  
1469  204  
1482  207  
1505  225  
1523  245  
1543  268  
1562  293  
1582  319  
1612  352  
1629  369  
1643  383  
1653  394  
1659  402  
1662  411  
1660  414  
1738  724  
1722  723  
1707  727  
1674  731  
1641  734  
1597  735  
1544  737  
1479  737  
1405  735  
1296  731  
1223  730  
1144  730  
1065  730  
995  730  
917  731  
879  733  
853  736  
836  738  
826  741  
822  744  
822  752  
824  758  
827  762  
1202  611  
1199  602  
1198  586  
1200  572  
1204  552  
1210  529  
1218  505  
1233  472  
1246  453  
1259  439  
1271  430  
1283  424  
1295  422  
1313  428  
1323  438  
1333  453  
1342  469  
1352  485  
1367  509  
1375  522  
1383  531  
1389  539  
1392  547  
1390  547  
1744  719  
1744  722  
1744  728  
1739  734  
1729  743  
1710  761  
1698  774  
1686  787  
1677  797  
1672  799  
1465  744  

