2043  624  
2021  659  
2002  678  
1978  691  
1948  701  
1910  705  
1866  701  
1795  682  
1752  661  
1715  634  
1684  604  
1657  574  
1623  531  
1604  506  
1588  485  
1578  472  
1572  465  
1570  463  
1571  464  
1573  470  
1576  482  
1580  502  
1586  528  
1598  573  
1602  606  
1604  639  
1604  671  
1602  700  
1586  736  
1566  754  
1537  765  
1497  770  
1450  767  
1389  748  
1361  728  
1339  704  
1319  677  
1303  650  
1289  623  
1274  587  
1267  567  
1263  553  
1262  546  
1262  543  
1268  545  
1276  555  
1288  574  
1302  601  
1317  633  
1336  692  
1344  740  
1351  790  
1358  836  
1364  886  
1365  950  
1349  1038  
1328  1082  
1299  1129  
1264  1175  
1218  1215  
1123  1264  
1041  1291  
953  1311  
860  1323  
763  1324  
665  1313  
529  1274  
445  1236  
369  1188  
307  1132  
260  1069  
220  967  
213  900  
220  836  
239  771  
270  711  
336  636  
388  597  
441  569  
489  550  
531  540  
565  537  
603  542  
622  550  
636  559  
645  571  
1804  452  
1808  455  
1814  459  
1827  473  
1836  488  
1847  507  
1860  531  
1873  558  
1889  603  
1896  631  
1902  657  
1906  676  
1905  688  
1900  694  

