2070  679  
2058  717  
2035  755  
1974  806  
1918  836  
1847  866  
1763  889  
1661  912  
1548  942  
1374  978  
1244  991  
1104  994  
976  1006  
856  1006  
692  995  
596  995  
502  971  
1287  105  
1292  99  
1295  93  
1300  98  
1308  110  
1318  125  
1334  145  
1356  168  
1397  212  
1425  245  
1452  281  
1477  317  
1501  351  
1522  382  
1548  424  
1563  448  
1571  469  
1575  488  
1421  1132  
1423  1136  
1420  1132  
1420  1128  
1421  1121  
1422  1109  
1423  1084  
1425  1062  
1427  1035  
1429  1004  
1434  965  
1441  919  
1455  857  
1466  819  
1476  777  
1485  734  
1494  694  
1510  643  
1523  615  
1537  589  

