1951  1032  
1897  1034  
1839  1032  
1776  1031  
1724  1028  
1650  1004  
1594  961  
1554  912  
1526  877  
1491  852  
1424  813  
1384  782  
1348  752  
1313  728  
1281  709  
1253  696  
1229  686  
1224  684  
1225  682  
1235  680  
1257  678  
1316  674  
1373  670  
1442  666  
1512  663  
1573  660  
1648  658  
1691  656  
1731  656  
1763  655  
1786  655  
1795  657  
1794  661  
1783  669  
1764  681  
1737  697  
1707  717  
1658  751  
1623  778  
1588  803  
1556  828  
1525  854  
1471  896  
1428  929  
1391  963  
1356  997  
1308  1025  
1250  1043  
1169  1060  
1106  1073  
1039  1086  
977  1096  
913  1100  
817  1097  
751  1091  
688  1078  
1402  426  
1405  423  
1408  426  
1412  430  
1417  433  
2104  696  
2098  691  

