2095  910  
2121  916  
2141  919  
2164  921  
2189  923  
2215  925  
2254  927  
2280  928  
2305  929  
2331  931  
2356  932  
2381  934  
2415  936  
2436  938  
2452  939  
2464  941  
2475  942  
2490  943  
2498  943  
2505  943  
2509  943  
2512  943  
2513  943  
2512  943  
2511  943  
2509  942  
2508  942  
2507  942  
2505  942  
2498  942  
1365  685  
1337  641  
1307  596  
1291  571  
1277  544  
1265  516  
1254  485  
1245  453  
1233  402  
1229  368  
1228  334  
1235  301  
1247  272  
1281  234  
1315  213  
1359  198  
1407  190  
1460  191  
1545  205  
1601  223  
1652  246  
1697  273  
1738  303  
1772  334  
1807  383  
1818  416  
1818  447  
1806  477  
1783  507  
1729  547  
1684  573  
1631  599  
1572  625  
1504  653  
1384  697  
1304  727  
1227  759  
1145  794  
1062  823  
990  842  
879  883  
820  934  
781  983  
745  1021  
718  1053  
703  1106  
706  1147  
720  1189  
748  1226  
788  1258  
864  1297  
922  1319  
982  1339  
1051  1355  
1127  1365  
1204  1367  
1317  1362  
1394  1354  
1471  1342  
1539  1328  
1598  1312  
1675  1285  
1721  1265  
1764  1244  
1802  1223  
1832  1202  
1854  1179  
1873  1142  
1878  1117  
1877  1094  
1869  1073  
1855  1052  
1810  1015  
1456  119  
1458  114  
1455  115  
1454  119  
1374  728  
1367  708  
1362  696  
1359  684  
1357  672  
1358  655  
1364  643  
1374  632  
1391  622  

