2153  823  
2151  823  
2141  823  
2126  823  
2098  825  
2077  828  
2052  831  
2022  835  
1983  842  
1941  854  
1887  879  
1847  896  
1795  910  
1747  923  
1703  935  
1597  956  
1528  966  
1456  973  
1377  984  
1289  996  
1158  999  
1082  1002  
1016  1011  
957  1021  
897  1026  
859  1026  
842  1025  
843  1026  
1393  530  
1390  530  
1387  528  
1387  527  
1387  526  
1388  526  
1391  527  
1396  527  
1395  528  
1392  529  
1388  530  
1389  530  
1388  531  
1386  535  
64  0  
72  2  
78  6  
83  5  
86  4  
87  7  
87  8  
76  8  
62  7  
47  6  
32  4  
16  3  
7  2  
4  1  
1  1  
0  1  
0  1  
0  3  
0  3  
0  3  
0  1  
0  1  
1043  1325  
0  4  
9  1  
14  1  
19  1  
22  0  
25  0  
28  0  
29  0  
31  0  
34  0  
36  0  
38  0  
39  0  
29  0  
15  0  
8  0  
1387  558  
1419  561  
1448  573  
1470  586  

