1414  611  
1467  596  
1514  587  
1567  584  
1621  585  
1674  590  
1726  597  
1804  610  
1856  619  
1908  629  
1958  641  
2004  653  
2065  670  
2102  679  
2136  688  
2165  696  
2191  703  
2216  711  
2219  713  
2211  715  
2190  717  
2156  717  
2117  717  
2056  717  
2016  719  
1976  724  
1938  731  
1905  741  
1864  760  
1840  775  
1817  790  
1793  805  
1769  819  
1737  837  
1720  846  
1704  853  
1684  860  
1656  866  
1617  875  
1563  895  
1537  912  
1512  926  
1479  935  
1437  941  
1380  945  
1346  947  
1295  949  
1234  949  
1186  948  
1118  944  
1061  942  
1014  938  
962  934  
891  930  
833  930  
767  927  
711  923  
663  914  
617  904  
553  899  
469  903  
438  906  
408  908  
374  907  
341  905  
310  902  
272  897  
252  894  
236  891  
224  888  
215  886  
207  884  
204  881  
1076  956  
1094  956  
1105  955  
1120  955  
1131  956  
1141  956  
1152  958  
1161  959  
1170  961  
1185  963  
1196  964  
1209  967  
1227  969  

