1471  921  
1477  922  
1483  922  
1486  921  
1488  919  
1488  918  
1489  917  
1489  915  
1490  914  
1493  914  
1493  912  
1620  472  
1612  461  
1603  451  
1589  436  
1568  418  
1536  397  
1472  362  
1423  340  
1372  317  
1322  294  
1280  273  
1235  247  
1219  232  
1213  220  
1216  208  
1229  195  
1269  177  
1307  170  
1352  167  
1398  167  
1440  171  
1475  178  
1514  191  
1532  202  
1544  211  
1550  221  
1552  231  
1543  253  
1528  271  
1506  293  
1477  319  
1441  349  
1380  401  
1337  439  
1294  479  
1251  524  
1207  573  
1163  627  
1105  715  
1070  777  
1045  832  
1032  881  
1029  937  
1040  1015  
1061  1047  
1099  1071  
1147  1091  
1197  1103  
1280  1107  
1336  1104  
1391  1100  
1448  1096  
1499  1095  
1536  1095  
1573  1097  
1585  1098  

