828  1127  
816  1126  
2235  861  
2239  859  
2243  860  
2238  860  
2212  862  
2180  863  
2141  862  
2100  857  
2048  849  
1977  844  
1873  849  
1796  849  
1727  843  
1684  838  
1656  836  
1634  838  
1624  841  
1620  846  
1617  849  
1375  802  
1395  790  
1448  776  
1484  768  
1520  763  
1558  761  
1596  763  
1661  765  
1708  764  
1755  758  
1800  749  
1834  740  
1852  735  
1858  733  
1856  735  
1846  741  
1827  754  
1799  770  
1747  797  
1710  813  
1669  824  
1613  836  
1550  853  
1430  875  
1340  880  
1243  895  
1156  918  
1087  932  
1033  936  
999  936  
2102  838  
2100  836  
2102  837  
2100  836  
2097  835  
2089  833  
2082  833  
2072  832  
2060  830  
2041  829  
2015  827  
1962  826  
1921  828  
1871  831  
1802  831  
1732  827  
1642  821  
1585  821  
1536  825  
1492  828  
1457  830  
1431  832  
1430  834  
1149  739  
1146  726  
1166  713  
1192  696  
1218  681  
1242  671  
1281  663  
1311  663  
1347  666  
1389  669  
1435  671  

