1358  292  
1387  308  
1421  329  
1470  364  
1496  391  
1514  421  
1527  453  
1536  490  
1540  554  
1536  602  
1525  654  
1508  712  
1484  774  
1435  857  
1404  914  
1377  981  
1348  1042  
1312  1093  
1278  1138  
1229  1184  
1197  1198  
1164  1201  
1127  1195  
1087  1179  
1031  1138  
1004  1107  
985  1080  
976  1059  
974  1040  
980  1005  
986  971  
990  926  
990  903  
1399  83  
1395  83  
1380  78  
1371  81  
1366  86  
1364  91  
1366  93  
1371  94  
1378  93  
1385  90  
1393  86  
1395  84  
1395  83  
1395  85  
1387  93  
1734  456  
1737  464  
1741  472  
1748  483  
1756  496  
1765  513  
1774  531  
1788  561  
1795  582  
1800  603  
1802  622  
1803  636  
1800  644  
1785  650  
1766  649  
1744  642  
1725  632  
1708  618  
1688  593  

