1277  674  
1287  705  
1297  741  
1317  794  
1331  823  
1345  851  
1356  880  
1362  916  
1365  954  
1365  986  
1437  814  
1441  812  
1438  813  
1436  815  
1650  1399  
1658  1397  
1661  1380  
1666  1358  
1667  1338  
1667  1314  
1663  1285  
1658  1252  
1652  1216  
1643  1160  
1637  1123  
1634  1091  
1633  1066  
1637  1044  
1656  1010  
1676  985  
1697  962  
1718  949  
1740  947  
1796  956  
1842  973  
1879  998  
1916  1023  
1959  1045  
2004  1065  
2052  1099  
2072  1125  
2086  1149  
2093  1171  
2094  1190  
2080  1213  
2061  1225  
2034  1234  
1999  1240  
1960  1244  
1893  1245  
1841  1245  
1782  1245  
1721  1245  
1660  1246  
1598  1249  
1495  1254  
1424  1257  
1358  1259  
1299  1261  
1245  1264  
1173  1264  
1604  628  
1605  619  
1605  621  
1607  626  
1608  636  
1608  652  
1609  681  
1610  707  
1613  737  
1616  769  
1619  799  
1623  823  
1626  852  
1628  862  
1701  752  
1697  755  
1696  763  
1695  769  
1587  1267  
1580  1266  

