1875  721  
1886  713  
1891  707  
1891  706  
1888  708  
1877  721  
1868  735  
1858  756  
1849  780  
1839  804  
1823  840  
1808  866  
1789  895  
1766  928  
1741  965  
1709  1003  
1621  1040  
1554  1054  
1482  1065  
1400  1076  
1317  1083  
1186  1082  
1095  1077  
1012  1073  
934  1070  
863  1064  
786  1055  
742  1053  
707  1053  
693  1052  
1291  944  
1281  943  
1285  932  
1301  911  
1323  889  
1339  874  
1353  863  
1374  852  
1389  850  
1404  852  
1419  858  
1440  866  
1468  874  
1509  885  
1533  892  
1563  900  
1619  910  
1683  922  
1734  935  
1761  937  
1786  938  
1811  938  
1834  938  
1844  938  
1837  940  
1822  945  
1800  951  
1775  961  
1735  983  
1707  1001  
1660  1019  
1598  1031  
1542  1038  
1443  1049  
1367  1059  
1289  1069  
1208  1075  
1126  1078  
1020  1080  
976  1079  
946  1077  
940  1076  
1393  1185  
1397  1181  
1396  1181  
1393  1181  
1386  1181  
1380  1181  
1374  1178  
1373  1175  
1372  1173  
1372  1174  
1374  1179  
1374  1181  
1376  1183  
1377  1184  
1372  1187  
1366  1188  
2112  862  
2112  864  
2109  864  
2104  864  
2097  864  
2089  863  
1905  859  
1852  867  
1801  869  
1755  866  
1707  857  
1671  852  
1628  850  
1589  850  
1562  852  
1535  855  
1520  855  
1508  855  
1498  855  
1491  855  
1484  856  
1478  857  
1474  860  
1474  861  
1259  793  
1264  788  
1273  785  
1286  784  
1309  783  
1326  785  
1345  787  
1367  791  
1398  793  
1461  794  
1507  791  
1547  786  
1581  779  
1610  772  
1644  760  
1659  753  
1671  747  
1679  742  
1683  740  
1683  739  
1681  740  
1676  744  
1667  752  
1656  762  
1642  774  
1609  793  
1582  807  
1549  820  
1509  834  
1454  846  
1374  857  
1322  858  
1250  865  
1184  877  
1132  885  
1075  886  
1017  879  
996  872  
978  866  
964  862  
958  860  
960  859  
1891  916  
1881  918  

