2289  1104  
2288  1104  
2282  1105  
2273  1107  
2261  1108  
2244  1109  
2223  1110  
2198  1110  
2156  1111  
2126  1112  
2095  1115  
2062  1118  
2025  1123  
1965  1129  
1928  1132  
1891  1134  
1854  1134  
1817  1134  
1769  1133  
1746  1131  
1728  1127  
1716  1121  
1708  1113  
1704  1104  
1702  1091  
1703  1082  
1706  1074  
1708  1069  
1710  1066  
1712  1065  
1713  1066  
1714  1070  
1714  1074  
1714  1080  
1713  1087  
1708  1098  
1704  1106  
1698  1114  
1691  1121  
1683  1126  
1671  1129  
1665  1128  
1659  1124  
1656  1118  
1655  1110  
1656  1098  
1657  1092  
1658  1090  
1658  1089  
1656  1092  
1651  1099  
1646  1105  
1640  1110  
1633  1114  
1624  1117  
1613  1118  
1607  1117  
1602  1113  
1599  1108  
1598  1101  
1599  1092  
1599  1088  
1600  1086  
1600  1085  
1600  1087  
1600  1092  
1600  1096  
1600  1100  
1597  1104  
1592  1109  
1579  1118  
1565  1125  
1547  1131  
1526  1138  
1499  1144  
1448  1154  
1408  1161  
1366  1167  
1325  1172  
1283  1176  
1241  1179  
1177  1184  
1131  1186  
1084  1187  
1044  1188  
1012  1188  
977  1188  
962  1188  
950  1188  
1698  964  
1700  971  
1698  980  
1694  992  
1685  1006  

