1281  377  
1334  368  
1333  366  
1333  373  
1334  389  
1332  411  
1329  440  
1326  491  
1327  528  
1329  567  
1331  610  
1331  658  
1329  743  
1331  801  
1338  850  
1344  906  
1342  982  
1331  1064  
1325  1101  
1324  1135  
1325  1162  
1326  1180  
1327  1191  
1329  1194  
1387  185  
1392  177  
1399  169  
1399  165  
1396  162  
1384  159  
1372  161  
1357  169  
1343  182  
1332  197  
1329  216  
1337  228  
1351  241  
1369  254  
1385  266  
1393  275  
1384  288  
1361  295  
1330  301  
1300  306  

