1376  554  
1368  534  
1362  518  
1360  508  
1360  503  
1364  505  
1370  514  
1378  529  
1389  550  
1402  576  
1423  622  
1436  658  
1451  701  
1466  749  
1480  798  
1488  857  
1483  896  
1469  938  
1447  977  
1417  1009  
1382  1036  
1314  1064  
1254  1071  
1189  1070  
1117  1063  
1041  1054  
927  1033  
851  996  
794  941  
744  891  
703  845  
674  771  
671  718  
682  669  
707  625  
741  591  
779  567  
835  551  
870  553  
901  562  
928  577  
952  596  
982  626  
999  647  
1739  460  
1736  450  
1735  445  
1738  448  
1743  455  
1752  467  
1770  494  
1783  517  
1796  541  
1807  562  
1815  581  
1820  596  
1818  612  
1811  616  
1798  616  

