2485  1572  
2488  1574  
2490  1576  
2493  1577  
2494  1578  
2495  1581  
2495  1583  
1326  367  
1328  369  
1329  373  
1329  379  
1329  386  
1327  395  
1322  413  
1319  426  
1319  441  
1319  459  
1317  476  
1314  496  
1306  524  
1300  545  
1295  566  
1291  590  
1286  614  
1274  652  
1266  680  
1259  712  
1250  747  
1240  784  
1222  830  
1212  857  
1206  890  
1205  933  
1205  975  
1207  1007  
1208  1030  
1206  1028  
1423  249  
1422  242  
1419  241  
1397  245  
1377  250  
1359  256  
1345  261  
1339  267  
1346  276  
1355  282  

