678  906  
642  910  
1783  289  
1785  290  
1782  293  
1777  297  
1774  296  
1303  765  
1282  763  
1270  759  
1263  753  
1251  739  
1242  724  
1233  705  
1222  684  
1211  660  
1194  625  
1185  602  
1178  580  
1175  561  
1179  542  
1190  524  
1223  503  
1255  492  
1295  485  
1341  481  
1397  483  
1495  497  
1569  514  
1648  535  
1728  560  
1804  588  
1924  632  
2001  663  
2066  695  
2130  727  
2189  758  
2237  785  
2286  817  
2304  833  
2310  844  
2304  852  
2285  855  
2229  851  
2173  841  
2107  827  
2032  810  
1947  796  
1788  776  
1670  758  
1554  745  
1422  738  
1294  733  
1169  735  
975  740  
864  748  

