1934  759  
1917  764  
1894  768  
1884  769  
1878  769  
1883  767  
1894  763  
1919  757  
1937  754  
1952  754  
1961  754  
1960  751  
2138  790  
2140  778  
2140  770  
2140  762  
2138  756  
2133  750  
2118  745  
2106  745  
2093  747  
2079  752  
2067  759  
2052  774  
2046  787  
2045  800  
2048  811  
2055  820  
2071  830  
2084  834  
2097  836  
2110  836  
2125  834  
2138  830  
2153  819  
2157  812  
2158  806  
2156  801  
2154  798  
2150  797  
2147  797  
2146  800  
2145  804  
2145  810  
2149  823  
2153  832  
2158  843  
2162  854  
2165  865  
2168  875  
2170  889  
2170  897  
2166  904  
2159  912  
2149  918  
2127  925  
2110  929  
2091  932  
2065  936  
2017  940  
1931  947  
1894  951  
1860  955  
1815  960  
1763  965  
1722  972  
1639  986  
1572  989  
1525  990  
1480  991  
1428  995  
1367  1006  
1334  1014  
1298  1021  
1261  1024  
1233  1023  
1214  1020  

