1478  850  
1493  806  
1507  752  
1521  698  
1534  650  
1559  585  
1578  545  
1599  513  
1621  488  
1644  469  
1685  452  
1717  446  
1752  448  
1788  457  
1822  471  
1855  492  
1898  528  
1919  556  
1934  585  
1942  615  
1941  644  
1922  689  
1896  718  
1859  745  
1809  770  
1751  787  
1662  799  
1596  804  
1531  805  
1464  794  
1402  773  
1351  746  
1291  707  
1258  684  
1232  665  
1213  650  
1202  640  
1196  634  
1196  633  
1197  636  
1201  644  
1208  658  
1224  690  
1237  720  
1249  756  
1262  793  
1276  825  
1291  860  
1309  957  
1305  1023  
1291  1070  
1272  1119  
1244  1170  
1183  1233  
1124  1268  
1050  1296  
968  1316  
881  1327  
746  1324  
661  1307  
584  1279  
513  1242  
451  1194  
400  1138  
347  1051  
329  997  
326  947  
335  894  
358  841  
403  775  
437  741  
474  715  
511  696  
545  686  
581  683  
595  687  
603  691  
605  699  
605  705  
1592  319  
1589  316  
1588  316  
1585  318  
1582  317  
1361  847  
1358  846  

