1555  1041  
1550  1031  
1548  1023  
1545  1001  
1545  976  
1545  946  
1548  915  
1552  889  
1557  873  
1565  858  
1570  853  
1575  851  
1582  850  
1594  853  
1625  872  
1653  906  
1680  959  
1700  1010  
1713  1050  
1735  1113  
1753  1161  
1768  1200  
1778  1226  
1780  1242  
1776  1252  
1760  1258  
1743  1253  
1721  1237  
1697  1212  
1672  1177  
1640  1111  
1620  1074  
1599  1044  
1580  1013  
1567  982  
1554  951  
1548  943  
1543  942  
1538  950  
1531  966  
1523  987  
1510  1017  
1499  1039  
1482  1064  
1459  1092  
1432  1123  
1382  1168  
1339  1190  
1292  1204  
1238  1212  
1180  1216  
1083  1218  
1017  1218  
956  1214  
902  1209  
859  1203  
842  1199  

