2310  846  
2279  855  
2254  862  
2226  868  
2198  874  
2169  880  
2130  887  
2106  890  
2083  893  
2049  898  
1995  907  
1918  925  
1884  933  
1845  938  
1795  939  
1750  938  
1716  935  
1639  928  
1579  926  
1536  922  
1327  716  
1369  715  
1406  715  
1458  716  
1495  718  
1530  718  
1565  719  
1597  720  
1628  720  
1674  720  
1704  721  
1734  722  
1766  723  
1796  723  
1838  726  
1862  727  
1881  728  
1897  730  
1906  731  
1910  732  
1908  732  
1900  732  
1885  732  
1863  732  
1833  733  
1781  735  
1748  738  
1719  743  
1695  750  
1674  758  
1650  771  
1636  782  
1624  793  
1614  805  
1604  816  
1589  832  
1578  842  
1566  853  
1554  865  
1543  878  
1532  892  
1517  914  
1507  927  
1496  936  
1478  942  
1452  946  
1414  949  
1390  949  
1370  950  
1346  950  
1307  952  
1225  955  
1182  955  
1142  955  
1089  956  
1037  958  

