1202  1114  
1179  1121  
1150  1128  
1111  1133  
1065  1138  
1018  1142  
949  1145  
902  1144  
857  1139  
815  1131  
773  1120  
714  1097  
686  1078  
1370  874  
1369  871  
1372  878  
2029  1035  
2033  1033  
2031  1033  
2028  1033  
2021  1035  
1999  1038  
1975  1040  
1949  1041  
1923  1041  
1897  1039  
1846  1038  
1799  1040  
1752  1045  
1711  1050  
1668  1055  
1596  1058  
1554  1058  
1519  1056  
1483  1056  
1446  1056  
1414  1057  
1382  1059  
1369  1062  
1359  1066  
1351  1073  
1343  1081  
1333  1101  
1327  1122  
1319  1146  
1310  1171  
1300  1193  
1284  1217  
1274  1225  
1263  1227  
1253  1223  
1242  1213  
1232  1196  
1214  1164  
1201  1140  
1188  1119  
1174  1104  
1160  1093  
1133  1086  
1112  1088  
1089  1095  
1066  1108  
1044  1129  
1005  1176  
975  1212  
962  1227  
1194  1067  
1190  1073  

