1179  1291  
1148  1294  
1132  1295  
1119  1296  
1107  1296  
1097  1297  
1090  1297  
1085  1297  
1084  1297  
1083  1297  
1083  1298  
1083  1300  
1081  1300  
908  1430  
904  1424  
903  1414  
903  1399  
899  1371  
894  1349  
887  1321  
878  1292  
867  1262  
856  1234  
844  1193  
841  1165  
840  1139  
843  1118  
850  1099  
869  1078  
892  1066  
924  1056  
964  1047  
1002  1040  
1042  1038  
1118  1043  
1167  1052  
1209  1063  
1254  1075  
1298  1085  
1350  1103  
1379  1118  
1407  1134  
1430  1150  
1449  1164  
1469  1183  
1477  1194  
1480  1203  
1479  1213  
1475  1221  
1467  1229  
1447  1240  
1430  1246  
1409  1252  
1385  1258  
1361  1263  
1325  1270  
1302  1272  
1278  1274  
1254  1275  
1228  1277  
1188  1283  
1158  1287  
1127  1290  
1093  1293  
1057  1295  
1023  1296  
973  1296  
941  1296  
908  1296  
873  1296  
837  1296  
781  1296  
740  1296  
698  1296  
658  1295  
622  1294  
570  1293  
536  1292  
503  1291  
470  1291  
440  1292  
412  1293  
372  1295  
348  1297  
327  1300  
310  1302  
296  1304  
283  1306  
277  1307  

