1961  862  
1942  870  
1921  882  
1897  897  
1871  913  
1807  933  
1758  945  
1717  955  
1669  962  
1609  959  
1547  930  
1521  904  
1495  874  
1464  839  
1434  791  
1398  705  
1377  651  
1358  603  
1340  560  
1327  524  
1318  495  
1310  466  
1308  459  
1308  464  
1311  479  
1322  524  
1333  564  
1348  609  
1364  658  
1382  715  
1414  811  
1435  871  
1454  939  
1465  1012  
1466  1078  
1458  1144  
1425  1233  
1387  1283  
1336  1322  
1271  1352  
1192  1374  
1059  1388  
969  1383  
885  1366  
805  1332  
732  1288  
649  1209  
615  1154  
595  1104  
590  1064  
598  1028  
617  987  
649  929  
673  907  
702  899  

