1338  585  
1335  581  
1334  578  
1337  576  
1868  666  
1864  660  
1864  656  
1865  654  
1869  654  
1873  655  
1876  658  
1879  662  
1881  668  
1883  679  
1884  687  
1886  698  
1888  710  
1888  723  
1886  737  
1878  759  
1870  774  
1859  789  
1841  803  
1815  815  
1763  830  
1726  835  
1688  836  
1637  839  
1579  847  
1495  860  
1426  862  
1361  855  
1293  847  
1218  849  
1151  855  
1041  853  
975  845  
907  841  
847  844  
802  846  
739  842  
706  834  
687  824  
678  813  
677  797  
694  762  
719  736  
751  711  
767  697  
1378  563  
1379  565  
1377  566  
1375  570  
1372  577  
1368  585  
1363  595  
1355  610  
1351  619  
1347  626  
1345  631  
1345  632  
1347  630  
1350  624  
1356  615  
1363  602  
1371  587  
1378  574  
1388  555  
1394  545  
1399  537  
1404  533  
1408  532  
1417  540  
1427  552  
1443  568  
1469  589  
1498  611  
1905  1599  
1799  708  
1797  703  
1796  698  
1796  695  
1796  694  
1797  697  
1800  701  
1801  708  
1803  716  
1806  729  
1807  739  
1807  750  
1807  762  
1807  774  
1804  785  
1796  800  
1788  810  
1778  818  
1765  825  
1750  831  

