1726  970  
1707  977  
1681  984  
1618  993  
1575  995  
1546  995  
1521  996  
1491  998  
1452  1001  
1393  1010  
1359  1018  
1321  1026  
1274  1031  
1227  1031  
1175  1027  
1143  1025  
1107  1023  
1073  1020  
1047  1017  
1030  1014  
1015  1006  
1011  998  
1010  986  
1011  973  
1014  959  
1022  939  
1031  926  
1041  914  
1051  903  
1061  896  
1080  888  
1096  884  
1110  880  
1120  878  
1128  876  
1136  875  
1150  868  
1913  798  
1915  796  
1917  795  
1918  794  
1918  793  
1918  794  
1919  795  
1920  798  
1921  801  
1921  804  
1921  808  
1921  814  
1921  819  
1921  824  
1920  830  
1919  834  
1918  841  
1916  846  
1915  850  
1914  856  
1913  861  
1912  866  
1911  873  
1911  877  
1911  881  
1911  886  
1912  891  
1916  898  
1919  903  
1923  908  
1928  912  
1933  916  
1939  919  
1950  923  
1959  925  
1970  927  
1983  930  
1996  931  
2017  932  
2030  934  
2043  934  
2055  935  
2067  935  
2081  935  
2089  935  
2097  934  
2106  932  
2116  930  
2119  927  
1501  846  
1504  846  
1509  844  
1513  843  
1520  844  
1525  843  
1602  835  
1607  834  
1617  838  
1624  838  
2139  932  
2140  932  
2141  931  
2142  931  
2144  931  
2145  930  
2148  929  
2151  929  
2154  928  
2160  927  
2164  927  
2168  926  
2173  926  
2178  926  

