1307  814  
1260  824  
1206  838  
1157  853  
1103  863  
1053  867  
1010  864  
991  861  
979  858  
974  855  
1065  779  
1059  772  
1066  769  
1068  768  
1125  762  
1071  731  
1103  746  
1083  736  
1065  717  
1049  691  
1042  670  
1040  646  
1045  622  
1058  596  
1079  569  
1126  529  
1170  504  
1225  483  
1287  467  
1354  456  
1455  451  
1514  458  
1566  472  
1608  492  
1639  518  
1661  562  
1659  592  
1641  621  
1607  649  
1558  678  
1488  711  
1362  766  
1282  800  
1204  834  
1125  872  
1058  914  
1005  988  
985  1031  
977  1062  
990  1091  
1029  1119  
1134  1149  
1221  1153  
1314  1148  
1414  1143  
1509  1142  
1588  1143  
1673  1143  
1691  1141  
1345  987  
1341  991  
1332  996  
1321  1000  
1309  1000  
1313  994  
1324  984  
1334  975  
1340  971  

