815  1134  
799  1096  
788  1039  
789  991  
797  931  
812  877  
835  836  
883  772  
923  727  
967  686  
1017  652  
1073  625  
1158  605  
1208  607  
1255  619  
1296  635  
1598  792  
1593  796  
1607  1290  
1609  1283  
1610  1270  
1613  1257  
1619  1234  
1624  1214  
1629  1189  
1632  1159  
1634  1125  
1635  1076  
1636  1045  
1638  998  
1639  932  
1639  877  
1639  845  
1643  808  
1649  781  
1660  754  
1675  732  
1695  715  
1735  704  
1766  704  
1805  711  
1849  722  
1894  737  
1958  766  
2000  787  
2043  809  
2082  833  
2116  858  
2146  884  
2180  920  
2195  941  
2203  959  
2204  975  
2195  989  
2165  1006  
2137  1016  
2104  1026  
2062  1036  
2000  1043  
1899  1041  
1824  1038  
1739  1043  
1648  1051  
1552  1051  
1452  1052  
1301  1066  
1205  1075  
1107  1083  
1016  1096  
938  1109  
840  1124  
1602  348  
1608  338  
1611  337  
1612  337  
1613  340  
1616  346  
1621  356  
1627  371  
1633  394  
1643  439  
1653  476  
1668  516  
1686  562  
1700  607  
2300  1089  
2299  1084  

