1447  638  
1405  647  
1359  655  
1312  663  
1267  670  
1208  681  
1178  689  
1159  698  
1149  706  
1146  714  
1149  723  
1151  726  
1614  129  
1615  123  
1617  126  
1625  141  
1632  159  
1640  183  
1649  215  
1657  254  
1671  327  
1679  383  
1687  445  
1694  512  
1700  582  
1706  689  
1708  769  
1713  842  
1715  909  
1705  995  
1678  1070  
1615  1151  
1556  1200  
1483  1234  
1398  1253  
1310  1259  
1177  1244  
1089  1218  
1014  1180  
958  1135  
919  1091  
889  1053  
865  970  
867  901  
883  857  
906  834  
929  816  
965  795  
989  785  
1013  780  
1036  780  
1057  782  
1076  788  
1083  791  
1086  794  
1087  795  
1087  796  
1078  798  
1982  849  
1980  851  
1974  857  

