1490  683  
1480  675  
1470  668  
1456  659  
1436  647  
1411  634  
1366  614  
1331  599  
1295  582  
1255  564  
1213  546  
1172  528  
1125  506  
1108  494  
1101  483  
1103  473  
1113  463  
1143  447  
1173  438  
1214  431  
1261  428  
1309  429  
1367  437  
1397  445  
1422  455  
1439  465  
1452  475  
1459  486  
1461  504  
1455  518  
1444  534  
1427  553  
1403  575  
1356  611  
1321  637  
1286  666  
1251  702  
1217  745  
1168  813  
1137  856  
1107  902  
1081  955  
1067  1004  
1063  1043  
1074  1093  
1095  1127  
1124  1157  
1159  1178  
1199  1191  
1267  1197  
1314  1194  
1362  1187  
1408  1179  
1450  1171  
1503  1161  
1529  1156  
1548  1153  
1560  1151  
1565  1151  
1565  1150  
1563  1150  
1563  1151  
1559  1145  
1491  902  
1486  901  
1484  906  
1477  911  
1473  915  
1470  918  
1470  919  

