1682  600  
1704  617  
1720  628  
1737  640  
1753  655  
1767  670  
1788  697  
1801  717  
1813  740  
1824  765  
1834  788  
1841  809  
1848  835  
1848  850  
1845  864  
1841  878  
1833  890  
1814  908  
1797  920  
1775  929  
1753  936  
1734  943  
1698  952  
1651  957  
1590  960  
1539  960  
1486  960  
1421  964  
1352  977  
1317  989  
1287  999  
1266  1004  
1251  1006  
1239  1005  
1238  1005  
1238  1004  
1240  1004  
1247  1005  
1254  1005  
1332  852  
1327  844  
1336  844  
1353  846  
1373  853  
1409  869  
1429  882  
1441  903  
1444  930  
1436  958  
1414  995  
1395  1012  
1373  1024  
1346  1033  
1316  1038  

