2064  1035  
2071  1034  
2082  1033  
2088  1032  
2096  1032  
2103  1031  
2111  1031  
2123  1031  
2133  1031  
2143  1031  
2156  1031  
2168  1031  
2188  1032  
2202  1032  
2216  1033  
2229  1034  
2243  1034  
2256  1035  
2274  1036  
2285  1036  
2295  1037  
2305  1038  
2313  1038  
2324  1039  
2330  1040  
2336  1041  
2342  1041  
2348  1042  
2357  1043  
2362  1044  
2368  1045  
2373  1045  
2378  1046  
2382  1047  
2385  1048  
2383  1047  
1734  1147  
1728  1137  
1727  1127  
1727  1113  
1726  1097  
1728  1079  
1731  1057  
1734  1018  
1736  982  
1738  937  
1741  894  
1746  860  
1761  815  
1777  781  
1796  746  
1817  718  
1839  696  
1874  678  
1898  674  
1920  676  
1939  682  
1955  693  
1967  709  
1978  739  
1979  763  
1976  788  
1966  811  
1951  831  
1917  864  
1893  891  
1868  919  
1836  942  
1795  958  
1741  972  
1715  978  
1686  979  
1652  973  
1616  960  
1586  943  
1561  917  
1552  904  
1549  896  
1548  893  
1553  895  
1559  904  
1564  923  
1570  951  
1575  984  
1576  1026  
1570  1045  
1557  1062  
1536  1082  
1503  1106  
1459  1132  
1386  1166  
1337  1181  
1288  1190  
1238  1192  
1187  1189  
1106  1169  
1055  1148  
1016  1122  
986  1095  
964  1071  
942  1031  
939  983  
947  915  
962  863  
981  829  
1012  787  
1097  707  
1166  663  
1233  629  

