1816  804  
1816  811  
1805  813  
1784  819  
1764  823  
1741  824  
1714  824  
1681  823  
1616  823  
1572  826  
1532  828  
1494  829  
1455  826  
1408  819  
1387  813  
1371  806  
1358  800  
1353  799  
1052  940  
1056  928  
1066  912  
1084  894  
1108  875  
1134  851  
1173  812  
1198  782  
1223  753  
1247  729  
1271  709  
1308  686  
1334  677  
1360  673  
1387  673  
1418  679  
1452  690  
1503  718  
1531  743  
1552  772  
1565  798  
1572  819  
1569  841  
1558  856  
1537  870  
1505  883  
1454  891  
1374  886  
1322  873  
1257  862  
1205  854  
1171  843  
1138  827  
1087  795  
1061  771  
1044  749  
1032  730  
1024  716  
1018  705  
1017  704  
1018  705  
1021  712  
1026  725  
1035  756  
1041  780  
1044  805  
1044  826  
1037  846  
1024  864  
998  884  
965  895  
906  908  
846  922  
797  931  
703  933  
647  928  
583  922  
510  917  
462  914  
427  910  
407  906  
390  900  
381  893  

