1293  1201  
1294  1198  
1285  1201  
2046  602  
2045  591  
2047  589  
2047  590  
2047  594  
2046  602  
2045  619  
2043  635  
2042  653  
2042  674  
2043  698  
2045  736  
2045  762  
2041  784  
2035  803  
2024  818  
1992  834  
1957  844  
1918  856  
1880  869  
1830  878  
1769  881  
1688  874  
1616  874  
1549  883  
1497  892  
1441  896  
1374  894  
1344  892  
1310  891  
1272  895  
1240  899  
1218  903  
1213  903  
1212  903  
1209  903  
1205  901  
1679  1035  
1680  1036  
1680  1037  
1679  1040  
1675  1042  
1669  1044  
1669  1043  
1673  1041  
1678  1039  
1683  1039  
1687  1039  
1689  1039  
1691  1039  

