1509  667  
1553  662  
1594  657  
1632  650  
1665  641  
1691  632  
1713  625  
1718  624  
1718  626  
1713  633  
1702  646  
1678  670  
1656  689  
1629  711  
1594  735  
1552  761  
1458  801  
1380  819  
1298  831  
1209  850  
1118  873  
1040  884  
955  884  
893  888  
850  894  
831  894  
826  889  
1083  496  
1091  495  
1113  492  
1144  488  
1181  484  
1222  480  
1289  477  
1339  475  
1393  473  
1446  471  
1495  470  
1553  470  
1579  471  
1597  472  
1608  474  
1613  475  
1614  476  
1612  477  
1608  478  
1604  479  
1602  479  
1618  492  
1613  487  
1611  488  
1607  488  
1602  487  
1593  488  
1570  494  
1548  500  
1521  507  
1487  515  
1448  526  
1380  549  
1328  570  
1275  595  
1223  623  
1177  656  
1111  715  
1074  760  
1054  802  
1049  837  
1054  869  
1071  903  
1125  957  
1166  991  
1215  1018  
1280  1031  
1346  1033  
1446  1033  
1510  1037  
1552  1042  
1581  1044  
1604  1045  
1623  1045  
1626  1046  
1626  1047  
1621  1049  
1608  1051  
1601  1055  
1176  599  
1157  603  
1167  601  
1196  596  
1223  592  
1256  588  
1295  584  
1340  581  
1391  578  
1473  573  
1526  571  
1577  568  
1622  565  
1662  563  
1707  561  
1728  560  
1741  561  
1747  562  
1748  562  
1744  563  
1734  564  
1718  566  

