1805  858  
1775  859  
1748  859  
1712  856  
1685  853  
1648  853  
1604  855  
1565  862  
1532  871  
1472  881  
1424  884  
1384  883  
1351  878  
1311  874  
1232  876  
1194  883  
1170  889  
1149  893  
1131  894  
1109  890  
2238  643  
2241  612  
2242  605  
2238  599  
2230  595  
2216  594  
2182  600  
2154  607  
2124  618  
2096  631  
2072  648  
2047  675  
2039  694  
2037  713  
2045  732  
2061  749  
2085  765  
2132  781  
2167  787  
2205  791  
2240  794  
2272  797  
2307  801  
2321  804  
2326  807  
2324  810  
2315  814  
2286  819  
2259  821  
2225  822  
2185  824  
2140  824  
2095  824  
2013  822  
1948  827  
1883  836  
1803  844  
1718  844  
1583  852  
1489  868  
1400  876  
1311  877  
1220  891  
1109  925  
1047  939  
1007  951  
990  955  
2262  817  
2269  810  

