2226  1066  
2228  1065  
2226  1065  
2219  1067  
2208  1069  
2192  1071  
2173  1073  
2138  1077  
2113  1079  
2088  1082  
2060  1085  
2026  1087  
1985  1088  
1919  1089  
1868  1087  
1809  1085  
1751  1085  
1704  1086  
1644  1089  
1603  1089  
1564  1088  
1393  1305  
1386  1301  
1386  1296  
1386  1286  
1389  1272  
1391  1254  
1395  1232  
1402  1190  
1409  1157  
1419  1120  
1434  1084  
1455  1051  
1490  1009  
1509  982  
1527  954  
1546  926  
1570  901  
1619  884  
1652  882  
1677  889  
1694  901  
1704  920  
1711  944  
1714  980  
1711  1003  
1704  1023  
1691  1041  
1670  1059  
1629  1080  
1600  1089  
1572  1095  
1546  1097  
1521  1097  
1488  1089  
1469  1080  
1454  1068  
1441  1056  
1432  1047  
1425  1040  
1417  1033  
1414  1031  
1413  1031  
1412  1032  
1411  1036  
1413  1045  
1415  1053  
1417  1063  
1418  1075  
1418  1088  
1408  1113  
1394  1135  
1374  1161  
1347  1188  
1314  1215  
1277  1239  
1215  1264  
1168  1276  
1116  1284  
1062  1286  
1011  1283  
944  1262  
904  1239  
868  1207  
838  1172  

