2147  989  
2127  993  
2097  1002  
2074  1009  
2044  1018  
2002  1024  
1957  1028  
1919  1028  
1869  1028  
1827  1029  
1780  1034  
1740  1040  
1707  1047  
1661  1055  
1632  1058  
1609  1060  
1593  1062  
1583  1063  
1577  1064  
1576  1064  
1577  1064  
1578  1063  
1579  1062  
1581  1059  
1581  1057  
1583  1053  
1583  1049  
1584  1044  
1584  1030  
1584  1016  
1585  994  
1588  965  
1594  934  
1608  891  
1620  872  
1632  857  
1644  846  
1656  837  
1667  829  
1685  820  
1697  815  
1710  813  
1723  813  
1734  815  
1748  821  
1757  826  
1766  833  
1773  840  
1778  848  
1783  861  
1783  871  
1782  881  
1779  892  
1775  905  
1769  920  
1756  943  
1746  959  
1736  976  
1724  994  
1709  1011  
1679  1029  
1653  1039  
1624  1045  
1597  1050  
1574  1053  
1556  1054  
1533  1054  
1519  1051  
1508  1047  
1499  1040  
1492  1034  
1486  1023  
1485  1016  
1484  1010  
1483  1006  
1483  1004  
1483  1005  
1483  1008  
1484  1012  
1485  1017  
1486  1022  
1487  1030  
1487  1036  
1486  1041  
1484  1046  
1481  1051  
1474  1057  
1467  1062  
1458  1066  
1446  1070  
1433  1073  
1413  1077  
1398  1079  
1381  1080  
1364  1082  
1347  1083  
1327  1084  
1293  1085  
1268  1086  
1242  1085  
1216  1084  
1191  1082  
1152  1078  
1123  1077  
1093  1075  
1065  1075  
1042  1075  
1015  1075  
1002  1075  
992  1077  
985  1078  
981  1078  
1886  1116  
1890  1113  
1891  1111  
1891  1109  
1891  1107  
1891  1106  
1893  1105  

