992  962  
963  963  
1033  987  
1004  985  
987  989  
960  992  
916  993  
871  992  
837  988  
788  986  
737  989  
683  996  
638  1006  
577  1015  
475  1016  
1372  1016  
1375  1001  
1378  988  
1382  973  
1386  955  
1393  923  
1397  899  
1401  878  
1406  856  
1410  833  
1414  805  
1419  753  
1421  718  
1424  690  
1430  667  
1437  647  
1453  626  
1469  617  
1487  610  
1511  609  
1539  610  
1589  620  
1628  632  
1669  649  
1715  669  
1766  694  
1818  723  
1894  769  
1938  795  
1985  818  
2038  843  
2084  870  
2129  913  
2149  935  
2161  950  
2165  960  
2163  967  
2142  971  
2117  970  
2085  964  
2024  955  
1944  942  
1877  932  
1767  912  
1678  893  
1577  889  
1469  893  
1367  885  
1202  885  
1095  893  
991  888  
888  892  
795  910  
685  926  
634  933  
581  940  
524  945  
489  949  
475  951  
466  955  
462  954  
1237  759  
1237  754  
1239  753  
1239  752  
1239  750  
1239  748  
1240  745  
1243  741  
1246  736  
1250  731  
1258  721  
1264  714  
1272  705  
1283  696  
1296  688  
1309  682  
1330  678  
1345  677  
1361  677  
1377  679  
1393  682  
1412  691  
1422  700  
1432  709  
1442  719  
1452  730  
1467  747  
1475  759  
1482  772  
1489  784  
1496  795  
1504  805  
1515  818  
1522  825  
1529  832  
1536  838  
1543  843  
1559  850  
1573  853  
1591  856  
1614  859  
1641  863  
1678  874  
1700  882  
1718  890  
1734  898  
1753  904  
1775  910  
1811  917  
1838  918  
1859  919  
1876  919  
1890  919  
1912  916  
1929  916  
1950  915  
1978  914  
2008  914  
2044  914  
2060  915  

