1933  701  
1918  701  
1896  700  
1865  696  
1828  691  
1790  683  
1743  669  
1723  659  
1709  646  
1703  633  
1701  620  
1706  598  
1714  582  
1723  569  
1731  558  
1740  550  
1749  545  
1763  543  
1772  545  
1782  551  
1793  561  
1806  575  
1830  605  
1847  629  
1864  656  
1882  685  
1899  717  
1918  771  
1925  805  
1925  834  
1919  862  
1911  902  
1902  954  
1882  1016  
1853  1042  
1805  1064  
1744  1084  
1675  1099  
1545  1113  
1443  1118  
1340  1120  
1238  1116  
1128  1105  
964  1087  
865  1069  
770  1042  
688  1011  
631  968  
574  910  
505  848  
489  818  
484  786  
485  752  
491  718  
511  676  
526  658  
536  646  
544  639  
550  637  
557  636  
562  639  
566  642  
566  641  
1750  453  
1751  453  
1749  452  
1748  454  
1747  454  
1749  454  
1752  454  
1756  453  
1759  453  
2026  550  
2027  542  
2022  540  

