1871  1104  
1878  1099  
1884  1099  
1891  1097  
1896  1097  
1900  1096  
1899  1096  
1896  1096  
1890  1097  
1881  1097  
1868  1097  
1851  1098  
1812  1098  
1781  1099  
1749  1101  
1718  1103  
1685  1106  
1631  1109  
1594  1109  
1558  1108  
1522  1108  
1487  1108  
1431  1109  
1397  1111  
1369  1114  
1348  1116  
1333  1119  
1324  1122  
1320  1129  
1322  1137  
1326  1148  
1333  1159  
1341  1173  
1349  1194  
1350  1209  
1347  1226  
1340  1244  
1330  1262  
1304  1287  
1279  1299  
1248  1307  
1212  1312  
1169  1315  
1123  1314  
1054  1302  
1012  1287  
975  1264  
944  1235  
919  1203  
896  1154  
890  1128  
892  1106  
901  1088  
921  1073  
965  1056  
994  1051  
1022  1051  
1050  1055  
1079  1064  
1106  1077  
1131  1095  
1139  1105  
1143  1113  
1143  1120  
1144  1129  
1147  1209  

