1386  995  
1405  944  
1441  873  
1472  837  
1500  802  
1526  764  
1553  730  
1593  691  
1619  676  
1647  667  
1676  664  
1708  666  
1760  676  
1799  690  
1841  710  
1883  735  
1923  761  
1958  786  
2002  819  
2025  839  
2041  858  
2045  879  
2032  906  
1963  955  
1909  978  
1851  992  
1774  1005  
1685  1023  
1526  1030  
1416  1036  
1300  1048  
1186  1053  
1077  1059  
981  1070  
867  1078  
813  1078  
766  1080  
723  1080  
690  1079  
1238  162  
1238  160  
1253  176  
1268  196  
1287  222  
1308  253  
1332  288  
1369  350  
1394  395  
1419  444  
1440  493  
1457  540  
1470  585  
1483  643  
1490  674  
1495  698  
1499  717  
1502  732  
1508  752  
1512  754  
1702  448  
1699  444  
1700  444  
1700  445  
1699  446  
1697  447  
1698  445  
1700  443  
1703  441  
1706  439  
1710  438  
1311  1306  
1309  1310  
1300  1323  
1299  1324  
1303  1319  
1318  1291  
1336  1261  
1357  1226  
1379  1188  

