1069  1089  
1006  1097  
941  1102  
1613  748  
1606  728  
1602  721  
1596  715  
1585  709  
1571  709  
1551  713  
1527  719  
1502  730  
1477  744  
1447  771  
1439  787  
1441  802  
1454  815  
1477  823  
1515  827  
1540  823  
1563  815  
1583  805  
1599  792  
1611  779  
1619  767  
1620  765  
1620  764  
1619  764  
1620  768  
1622  779  
1624  792  
1625  808  
1625  824  
1623  840  
1611  868  
1592  897  
1569  939  
1545  979  
1519  1008  
1482  1030  
1410  1066  
1363  1089  
1314  1109  
1259  1124  
1193  1133  
1117  1134  
1504  469  
1500  474  
1488  482  
1473  493  
1459  503  
1449  512  
1445  522  
1449  528  
1460  535  
1474  542  
1488  550  

