1726  1015  
1674  1029  
1631  1033  
1590  1033  
1562  1029  
1542  1023  
1523  1013  
1514  1005  
1508  993  
1503  979  
1500  962  
1499  930  
1498  905  
1499  882  
1500  861  
1500  840  
1500  817  
1496  774  
1491  744  
1486  717  
1481  692  
1478  671  
1477  641  
1476  624  
1476  612  
1475  605  
1473  601  
1472  602  
1472  607  
1471  617  
1470  631  
1470  650  
1470  672  
1470  714  
1469  749  
1470  787  
1471  821  
1471  850  
1473  892  
1475  923  
1478  953  
1481  979  
1483  1001  
1483  1019  
1475  1038  
1462  1046  
1444  1052  
1424  1055  
1400  1058  
1363  1060  
1332  1064  
1293  1067  
1245  1069  
1196  1070  
1117  1070  
1059  1073  
1008  1078  
961  1082  
913  1083  
869  1082  
815  1079  
784  1078  
756  1076  
733  1075  
716  1073  
712  1072  
2122  509  
2119  503  
2104  497  
2085  496  
2049  499  
2021  502  
1987  507  
1949  511  
1907  516  
1860  521  
1779  531  
1723  538  
1666  547  
1611  556  
1559  565  
1485  577  
1441  585  
1400  590  
1382  591  
2021  1066  
2019  1064  
2021  1066  
2025  1064  
2032  1063  
2046  1060  
2057  1057  
2068  1055  
2079  1054  
2091  1053  
2105  1053  
2111  1053  
2112  1054  
2113  1054  
2111  1056  
2104  1058  
2084  1063  
2065  1067  
2042  1070  
2015  1073  
1985  1075  
1938  1079  
1905  1082  
1869  1085  
1827  1088  
1783  1093  
1725  1099  
1691  1103  
1655  1104  
1618  1105  
1584  1104  
1555  1101  
1524  1090  
1509  1079  
1496  1064  
1484  1047  
1473  1027  
1460  990  

