1496  563  
1479  575  
1442  589  
1840  522  
1823  511  
1807  512  
1785  515  
1755  522  
1720  531  
1682  543  
1631  566  
1606  582  
1591  596  
1586  610  
1590  623  
1612  644  
1638  660  
1671  675  
1710  691  
1752  710  
1817  743  
1854  767  
1881  789  
1899  808  
1909  825  
1911  842  
1898  870  
1883  893  
1863  918  
1831  939  
1787  955  
1721  981  
1661  1001  
1583  1012  
1509  1016  
1427  1025  
1289  1043  
1191  1047  
1090  1051  
992  1061  
898  1068  
811  1067  
688  1062  
624  1056  
565  1041  
510  1014  

