1532  686  
1533  689  
1534  692  
1534  696  
1534  703  
1536  708  
1537  714  
1538  719  
1539  724  
1540  734  
1540  742  
1540  750  
1540  758  
1540  765  
1537  777  
1533  786  
1528  797  
1523  807  
1518  815  
1511  822  
1498  830  
1486  834  
1469  837  
1450  838  
1432  839  
1414  839  
1408  839  
1405  839  
1404  839  
1403  839  
1402  839  
1401  838  
1404  836  
1326  643  
1331  633  
1353  631  
1382  632  
1415  637  
1452  650  
1495  683  
1512  716  
1517  755  
1509  791  
1490  817  
1434  845  
1389  858  
1352  866  
1322  871  
1298  873  
1284  873  
1282  870  
1272  652  
1299  646  
1329  650  
1360  662  
1389  681  
1421  730  
1425  775  
1414  820  
1393  855  
1367  885  
1317  927  
1203  990  
1137  1015  
1074  1038  
1035  1055  
1020  1066  
1017  1074  
1019  1072  
1503  536  
1501  533  
1502  533  
1505  533  
1511  533  
1526  536  
1536  539  
1548  541  
1562  546  
1578  551  
1596  557  
1624  567  
1640  573  
1653  580  
1667  589  

