1780  639  
1782  663  
1783  689  
1781  716  
1770  759  
1756  785  
1738  805  
1716  819  
1688  828  
1622  838  
1567  849  
1509  863  
1437  871  
1367  868  
1247  868  
1167  882  
1090  895  
1020  897  
952  897  
877  900  
814  902  
789  895  
768  883  
754  866  
751  845  
767  799  
786  756  
806  710  
825  673  
845  642  
866  617  
897  591  
918  581  
1318  1079  
1320  1078  
1320  1080  
1315  1084  
1306  1088  
1294  1091  
1291  1091  
1291  1088  
1294  1084  
1298  1083  
1304  1084  
1308  1087  
1311  1091  
1313  1092  
1313  1090  
1313  1087  
1717  588  
1727  581  

