1181  1213  
1182  1211  
1183  1212  
1184  1215  
1185  1217  
1185  1218  
1187  1219  
1191  1216  
1192  1211  
1192  1209  
1188  1212  
1189  1215  
1660  815  
1667  820  
1671  826  
1674  833  
1678  843  
1680  863  
1681  880  
1679  902  
1673  929  
1660  953  
1620  986  
1584  1001  
1547  1010  
1496  1018  
1422  1029  
1339  1043  
1213  1056  
1134  1060  
1057  1063  
992  1063  
930  1059  
854  1037  
829  1010  
817  971  
817  923  
826  880  
851  840  
873  824  
898  813  

