0  1034  
0  1029  
0  1023  
0  1018  
0  1016  
0  1015  
0  1013  
0  1011  
0  1008  
0  1006  
0  1004  
0  1003  
0  1001  
0  999  
0  997  
0  945  
0  936  
0  925  
0  920  
0  915  
0  712  
0  713  
0  708  
0  706  
1834  550  
1833  549  
1821  550  
1806  553  
1787  556  
1762  560  
1712  566  
1673  570  
1633  576  
1594  583  
1560  592  
1527  604  
1520  610  
1525  615  
1540  621  
1565  627  
1599  633  
1655  641  
1692  648  
1724  653  
1746  656  
1751  656  
1792  421  
1790  417  
1790  419  
1788  422  
1787  428  
1785  439  
1786  449  
1788  460  
1791  471  
1793  484  
1796  505  
1798  520  
1800  535  
1801  552  
1801  569  
1800  587  

