1883  995  
1856  997  
1820  999  
1782  1002  
1740  1007  
1721  1009  
1705  1010  
1691  1007  
1676  999  
1657  978  
1647  958  
1639  936  
1633  912  
1630  893  
1629  879  
1629  867  
1629  861  
1629  858  
1630  858  
1633  859  
1636  862  
1638  867  
1638  874  
1639  885  
1641  909  
1642  928  
1643  946  
1644  962  
1642  978  
1637  992  
1624  1012  
1611  1022  
1598  1030  
1586  1036  
1572  1040  
1549  1045  
1530  1048  
1508  1049  
1482  1051  
1452  1051  
1414  1046  
1394  1040  
1380  1032  
1371  1020  
1365  1005  
1362  987  
1360  960  
1359  946  
1359  933  
1359  919  
1358  907  
1358  898  
1358  899  
1358  904  
1358  913  
1358  930  
1359  944  
1359  958  
1357  973  
1355  987  
1352  1000  
1342  1016  
1333  1026  
1320  1034  
1303  1041  
1282  1047  
1242  1056  
1213  1062  
1183  1066  
1148  1069  
1108  1072  
1049  1074  
1016  1073  
999  1069  
1519  953  
1517  952  
1517  957  
1515  956  
2096  1044  
2087  1041  
2084  1042  
2078  1042  

