2174  797  
2150  828  
2134  850  
2119  873  
2105  899  
2087  932  
2026  999  
1964  1031  
1908  1048  
1844  1061  
1765  1073  
1685  1080  
1571  1072  
1504  1056  
1444  1036  
1400  1012  
1378  978  
1367  907  
1367  866  
1375  836  
1396  808  
1429  781  
1491  749  
1530  741  
1564  742  
1593  754  
1618  774  
1639  799  
1668  835  
1683  859  
1692  889  
1691  929  
1676  976  
1620  1030  
1573  1048  
1517  1062  
1440  1079  
1349  1095  
1200  1111  
1089  1119  
974  1126  
866  1126  
757  1117  
655  1104  
519  1071  
448  1034  
400  991  
365  946  
344  905  
337  853  
344  826  
356  805  
371  788  
391  771  
405  763  
1532  558  
1531  558  
1521  562  
1509  568  
1497  573  
1495  573  
1495  572  
1499  568  
1505  564  
1510  561  
1508  559  
1505  557  
1950  706  
1949  703  
1948  704  
1945  703  

