1306  1029  
1258  1033  
1233  1033  
1215  1033  
1203  1031  
1195  1029  
1186  1026  
1183  1024  
1181  1022  
1180  1021  
1179  1019  
1179  1018  
1178  1017  
1177  1017  
1177  1016  
1177  1015  
1176  1013  
1176  1010  
1175  1005  
1174  999  
1173  992  
1173  978  
1175  967  
1176  957  
1177  947  
1179  938  
1183  924  
1185  917  
1189  909  
1193  903  
1198  899  
1205  896  
1216  896  
1225  898  
1236  901  
1249  907  
1260  915  
1271  931  
1274  941  
1276  952  
1276  962  
1274  973  
1270  988  
1265  997  
1259  1004  
1252  1010  
1244  1015  
1235  1019  
1224  1025  
1218  1029  
1211  1031  
1203  1034  
1195  1036  
1181  1039  
1171  1041  
1159  1043  
1145  1045  
1128  1048  
1095  1051  
1070  1053  
1048  1056  
1026  1059  
1005  1062  
984  1065  
946  1067  
917  1067  
887  1067  
860  1065  
836  1062  
803  1055  
778  1051  
752  1047  
725  1042  
701  1037  
678  1029  
667  1021  
659  1012  
654  1001  
652  985  
653  967  

