1734  885  
1721  888  
1704  890  
1677  893  
1609  900  
1564  908  
1530  919  
1492  925  
1443  928  
1377  926  
1340  925  
1289  925  
1235  925  
1199  923  
1178  920  
1153  913  
1139  905  
1128  896  
1120  886  
1116  874  
1118  853  
1123  838  
1131  823  
1141  808  
1151  791  
1161  771  
1164  762  
1164  757  
1163  756  
1159  759  
1152  768  
1137  787  
1122  802  
1100  816  
1073  830  
1045  845  
1006  862  
974  869  
924  876  
867  892  
825  915  
768  940  
727  947  
697  946  
681  935  
821  761  
820  757  
825  752  
833  747  
889  731  
895  736  
894  736  
1939  800  
1938  803  
1934  809  
1929  816  
1924  824  
1914  837  
1906  848  
1894  861  
1880  875  
1863  888  
1823  905  
1784  912  
1749  914  
1715  913  
1663  912  
1593  916  
1509  924  
1451  926  
1394  923  
1354  917  
1308  912  
1230  911  
1202  912  
1190  914  
1184  915  
1178  914  
1176  912  

