1798  844  
1800  838  
1800  834  
1802  828  
1803  827  
1803  825  
1803  826  
1804  830  
1804  833  
1803  837  
1802  841  
1801  846  
1799  855  
1797  861  
1795  868  
1792  874  
1789  880  
1782  890  
1776  896  
1769  902  
1759  907  
1750  912  
1742  914  
1731  913  
1724  909  
1717  904  
1711  896  
1704  887  
1695  874  
1689  866  
1685  859  
1682  852  
1680  845  
1679  836  
1679  832  
1678  829  
1678  828  
1678  827  
1678  828  
1678  829  
1679  831  
1679  833  
1682  837  
1684  840  
1686  844  
1689  849  
1691  854  
1694  859  
1698  869  
1702  876  
1705  885  
1707  895  
1708  908  
1709  928  
1708  942  
1705  955  
1701  968  
1695  980  
1682  998  
1667  1008  
1649  1016  
1624  1023  
1597  1027  
1572  1028  
1541  1028  
1519  1027  
1495  1024  
1464  1021  
1432  1016  
1393  1004  
1374  991  
1361  974  
1349  953  
1338  927  
1322  885  
1314  864  
1312  847  
1313  834  
1318  821  
1327  807  
1353  782  
1385  764  
1431  742  
1490  716  
2093  909  
2093  903  
2094  897  
2094  889  
2095  883  
2095  877  
2095  874  
2096  872  
2096  871  
2097  871  
2098  873  
2099  875  
2100  879  
2102  888  

