1108  805  
1170  804  
1218  810  
1276  826  
1290  830  
1580  1187  
1583  1188  
1588  1190  
2118  880  
2116  876  
2118  874  
2118  873  
2119  873  
2120  875  
2122  878  
2124  883  
2127  890  
2132  903  
2136  914  
2139  926  
2141  937  
2142  948  
2140  965  
2135  976  
2128  987  
2116  997  
2097  1008  
2049  1024  
1993  1032  
1935  1035  
1884  1036  
1822  1039  
1752  1044  
1647  1055  
1573  1058  
1502  1060  
1426  1064  
1353  1070  
1249  1078  
1187  1081  
1131  1083  
1081  1083  
1041  1083  
1006  1076  
996  1067  
994  1057  
1001  1043  
1014  1027  
1033  1008  
1073  981  
1110  967  
1145  955  
1173  945  
1188  940  
1740  887  
1739  886  
1744  887  
1748  887  
1751  886  
1752  886  
1752  885  
1749  885  
1741  884  
1733  882  
1723  881  
1711  880  
1692  878  
1649  878  

