1342  974  
1339  980  
1335  988  
1331  993  
1326  994  
1323  994  
1322  988  
1322  987  
1320  992  
1318  999  
1326  1011  
1388  1026  
1389  1013  
1388  995  
1388  971  
1393  940  
1401  904  
1425  855  
1452  822  
1485  787  
1517  752  
1550  721  
1601  691  
1636  682  
1669  681  
1702  686  
1733  699  
1777  728  
1802  753  
1819  779  
1828  804  
1826  826  
1810  844  
1766  865  
1732  871  
1688  871  
1617  872  
1542  879  
1422  876  
1327  861  
1227  857  
1125  863  
1038  861  
936  856  
872  860  
833  868  
811  874  
795  878  
791  881  
1591  1070  
1592  1067  
1592  1069  
1592  1072  
1592  1075  
1591  1075  
1588  1075  
1585  1075  
1584  1072  
1586  1069  
1587  1068  
1588  1067  
1588  1068  
1589  1070  
1589  1071  
1590  1071  
1591  1069  
1591  1068  
1590  1067  
1575  1075  
1412  938  
1404  939  
1403  935  
1403  924  
1406  911  
1412  897  
1423  882  
1440  870  
1476  850  
1501  839  
1527  830  
1554  822  
1586  813  
1644  799  
1685  791  
1725  782  
1768  771  
1809  756  
1843  741  

