2222  923  
2182  933  
2143  940  
2093  948  
2055  954  
2002  958  
1950  958  
1918  955  
1899  948  
1883  935  
1878  925  
1876  915  
1877  905  
1880  896  
1886  883  
1891  876  
1896  870  
1900  865  
1904  861  
1908  857  
1911  854  
1913  852  
1916  849  
1919  846  
1924  843  
1929  840  
1933  839  
1938  837  
1944  837  
1950  836  
1958  836  
1962  836  
1967  836  
1972  836  
1977  836  
1983  837  
1986  838  
1987  839  
1988  841  
1989  844  
1990  846  
1991  851  
1990  853  
1988  856  
1984  859  
1978  861  
1968  866  
1960  870  
1953  873  
1945  877  
1936  881  
1921  889  
1911  895  
1900  901  
1889  910  
1876  918  
1857  926  
1809  936  
1768  943  
1734  951  
1696  960  
1633  972  
1537  980  
1483  983  
1419  988  
1360  997  
1295  1005  
1224  1004  
1149  993  
1099  987  
1056  982  
1031  974  
1017  963  
1015  942  
1024  923  
1042  904  
1077  886  
1127  867  
1200  831  
1979  737  
1979  736  
1975  742  
1965  747  
1950  753  

