1615  861  
1572  845  
1544  825  
1500  781  
1465  746  
1427  713  
1391  686  
1357  665  
1310  640  
1287  630  
1274  625  
1272  623  
1278  622  
1313  621  
1352  622  
1404  624  
1466  625  
1531  624  
1591  622  
1664  618  
1700  617  
1726  617  
1744  618  
1755  619  
1759  620  
1753  624  
1737  631  
1710  643  
1676  661  
1637  681  
1579  721  
1545  750  
1514  781  
1480  810  
1443  837  
1395  871  
1373  894  
1355  922  
1326  952  
1278  978  
1199  1000  
1152  1007  
1090  1016  
1028  1026  
969  1036  
897  1037  
803  1023  
741  1010  
2220  799  
2221  812  
2226  827  
2227  841  
2228  856  
2224  872  
2210  896  
2190  915  
2162  936  
2131  959  
2096  985  
2016  1022  

