990  576  
973  587  
964  590  
964  585  
1238  305  
1237  300  
1238  302  
1243  309  
1252  321  
1255  324  
1247  1064  
1228  1065  
1231  1059  
1250  1027  
1279  970  
1312  893  
1337  834  
1362  778  
1413  685  
1451  633  
1490  588  
1531  551  
1573  524  
1632  504  
1667  502  
1702  506  
1736  518  
1770  539  
1806  570  
1854  627  
1876  670  
1889  716  
1891  765  
1879  810  
1822  868  
1761  900  
1685  936  
1582  971  
1464  994  
1285  1019  
1158  1020  
1040  1023  
924  1028  
826  1017  
750  985  
1143  38  
1157  46  
1180  71  
1211  111  
1268  189  
1309  246  
1347  305  
1377  365  
1398  424  
1417  499  
1425  535  
1430  565  
1433  581  
1617  300  
1622  301  
1629  306  
1631  310  
1165  1353  
1174  1330  

