1781  564  
1781  560  
1780  555  
1779  551  
1779  546  
1779  542  
1780  538  
1780  535  
1780  532  
1780  530  
1780  528  
1780  527  
1780  525  
1780  524  
1779  521  
1779  519  
1779  517  
1779  516  
1779  515  
1779  513  
1779  511  
1779  509  
1779  506  
1779  503  
1778  498  
1778  496  
1777  494  
1777  493  
1777  492  
1777  491  
1778  491  
1779  491  
1780  488  
1781  483  
1768  345  
1766  342  
1762  348  
1757  355  
1751  364  
1745  372  
1742  380  
1742  386  
1744  393  
1750  396  
1757  398  
1766  400  
1776  401  
1789  403  
1794  405  
1796  408  
1794  411  
1787  415  
1765  423  
1748  429  
1738  430  
1839  1195  
1839  1191  
1839  1189  
1840  1189  
1842  1189  
1844  1189  
1847  1188  
1853  1188  
1867  1185  
1878  1184  
1891  1182  
1905  1180  
1920  1178  
1945  1174  
1963  1170  
1983  1167  
2001  1166  

