1299  602  
1332  591  
1849  531  
1854  537  
1850  540  
2112  1023  
2118  1021  
2134  1018  
2147  1015  
2163  1011  
2182  1007  
2204  1003  
2225  1000  
2253  997  
2269  997  
2278  996  
2283  996  
2279  996  
2269  998  
2252  1001  
2231  1004  
2205  1008  
2158  1015  
2126  1020  
2093  1027  
2054  1035  
2001  1043  
1949  1048  
1885  1054  
1839  1061  
1785  1069  
1734  1078  
1689  1087  
1628  1097  
1593  1101  
1563  1105  
1538  1106  
1518  1107  
1498  1103  
1490  1097  
1486  1089  
1486  1080  
1490  1068  
1496  1053  
1509  1026  
1518  1002  
1528  969  
1540  928  
1556  887  
1596  846  
1626  827  
1652  811  
1674  798  
1693  788  
1719  782  
1732  783  
1741  787  
1747  794  
1750  804  
1750  816  
1745  835  
1739  849  
1731  864  
1723  878  
1714  897  
1690  936  
1665  964  
1632  990  
1598  1008  
1574  1017  
1547  1021  
1532  1019  
1519  1014  
1508  1006  
1499  994  
1491  980  
1483  961  
1479  951  
1477  944  
1477  939  
1476  937  
1476  936  
1475  939  
1473  944  
1471  952  
1468  962  
1461  977  
1453  987  
1442  997  
1428  1008  
1410  1019  
1391  1029  
1359  1043  

