1374  869  
1381  862  
1388  846  
1397  821  
1409  785  
1430  717  
1446  670  
1462  625  
1477  584  
1491  549  
1507  519  
1531  483  
1547  468  
1566  458  
1587  453  
1611  455  
1651  470  
1680  487  
1710  510  
1740  536  
1766  564  
1793  607  
1803  634  
1805  660  
1797  685  
1778  709  
1747  730  
1685  753  
1634  764  
1578  769  
1523  767  
1466  759  
1393  733  
1361  711  
1337  687  
1318  665  
1304  645  
1294  626  
1293  618  
1295  614  
1298  613  
1302  615  
1308  621  
1321  641  
1330  663  
1338  691  
1346  726  
1354  767  
1368  831  
1377  874  
1382  931  
1382  994  
1374  1047  
1349  1118  
1318  1167  
1275  1211  
1220  1246  
1157  1274  
1090  1294  
984  1307  
911  1302  
836  1285  
759  1255  
681  1212  
578  1130  
515  1074  
463  1014  
434  941  
427  866  
446  757  
469  684  
496  625  
530  578  
569  539  
611  510  
665  483  
691  476  
710  475  
722  478  
729  483  
736  500  
1459  924  
1459  913  
1467  881  

