1338  1084  
1340  1091  
1342  1099  
1344  1107  
1344  1116  
1345  1126  
1344  1142  
1342  1152  
1338  1163  
1332  1175  
1324  1185  
1303  1200  
1283  1208  
1259  1214  
1231  1219  
1198  1222  
1162  1222  
1102  1218  
1064  1211  
1030  1202  
1002  1190  
978  1173  
955  1142  
946  1120  
942  1100  
943  1081  
950  1063  
975  1031  
999  1005  
1023  984  
1046  971  
1066  964  
1088  961  
1118  968  
1871  886  
1873  884  
1876  882  
1879  880  
1884  878  
1890  875  
1898  872  
1913  867  
1926  864  
1940  863  
1956  862  
1974  863  
1989  865  
1999  868  
1999  869  
1988  872  
1965  876  
1935  882  
1892  895  
1860  902  
1808  905  
1749  902  
1686  894  
1559  900  
1487  915  
1417  924  
1359  932  
1305  947  
1245  966  
1197  996  
1184  1014  
1175  1031  
1168  1045  
1159  1057  
1142  1067  
1124  1069  
1101  1068  
1072  1062  
1044  1053  
1013  1030  
1001  1002  
995  960  
991  909  
990  868  
994  838  
1031  791  
1055  773  
1679  722  
1675  726  
1664  734  
1656  750  
1644  779  
1637  793  
1631  800  
1627  802  
1624  801  
1625  789  
1630  775  
1638  756  
1651  734  
1668  716  
1687  705  
1722  707  
1749  723  
1779  752  
1812  789  
1828  808  
1917  841  
1918  835  
1922  830  
1923  828  
1925  827  
1925  826  

