2204  790  
2217  787  
2230  784  
2240  781  
2248  779  
2252  778  
2252  777  
2248  777  
2239  780  
2223  784  
2187  794  
2155  801  
2119  808  
2082  813  
2042  818  
1995  823  
1924  837  
1883  849  
1838  861  
1786  869  
1743  873  
1700  872  
1669  872  
1633  874  
1598  876  
1584  876  
1743  623  
1742  615  
1728  608  
1713  613  
1694  620  
1674  629  
1652  642  
1631  658  
1602  685  
1586  706  
1574  730  
1567  753  
1568  772  
1584  791  
1605  796  
1635  797  
1668  796  
1703  793  
1761  782  
1802  772  
1838  762  
1863  753  
1878  747  
1886  744  
1879  746  
1866  751  
1849  759  
1827  769  
1789  784  
1764  793  
1740  803  
1720  813  
1700  823  
1671  835  
1648  842  
1619  850  

