880  1182  
879  1181  
876  1179  
872  1176  
863  1171  
856  1166  
850  1160  
844  1154  
840  1145  
838  1127  
837  1113  
840  1099  
845  1086  
853  1075  
874  1062  
898  1053  
933  1046  
972  1039  
1008  1031  
1054  1020  
1922  861  
1922  854  
1920  849  
1918  848  
1916  848  
1911  851  
1905  857  
1897  866  
1889  877  
1883  891  
1880  922  
1880  945  
1884  967  
1892  987  
1903  1003  
1917  1014  
1946  1021  
1971  1020  
2000  1014  
2027  1001  
2049  983  
2068  954  
2072  936  
2071  918  
2067  900  
2057  883  
2031  863  
2008  852  
1984  844  
1961  838  
1942  834  
1926  832  
1907  831  
1895  831  
1884  832  
1873  835  
1863  840  
1849  852  
1841  864  
1835  877  
1830  893  
1825  915  
1819  951  
1814  974  
1804  995  
1791  1012  
1774  1026  
1753  1040  
1716  1058  
1687  1068  
1654  1077  
1618  1083  
1579  1087  
1518  1092  
1469  1096  
1415  1100  
1364  1105  
1315  1108  
1263  1110  
1179  1108  
1116  1104  
1052  1099  
994  1095  
937  1088  
2065  912  
2067  912  
2069  911  
2072  909  
2075  908  

