2110  451  
1936  576  
1933  569  
1935  560  
1938  554  
1938  549  
1936  542  
1931  539  
1921  539  
1907  541  
1892  548  
1876  560  
1857  580  
1852  594  
1852  607  
1858  615  
1869  620  
1890  620  
1904  615  
1918  606  
1931  595  
1943  584  
1954  575  
1958  573  
1959  573  
1960  575  
1961  581  
1962  591  
1966  611  
1968  625  
1970  641  
1971  658  
1969  675  
1961  701  
1950  719  
1934  737  
1911  757  
1880  777  
1809  800  
1753  811  
1699  818  
1642  824  
1579  834  
1518  845  
1413  852  
1350  845  
1287  839  
1226  837  
1182  836  
1131  828  
1106  819  
1093  809  
1095  794  
1113  772  
1144  741  
1186  707  
1980  424  
1984  424  
1982  422  
1980  423  
1967  425  
1952  426  
1935  428  
1918  429  
1902  430  
1889  430  
1882  430  
1884  430  
1893  429  
1908  428  
1928  427  
1956  425  
1969  422  
2337  687  
2338  684  
2341  683  
2344  683  
2349  686  
2352  689  
2356  695  
2360  702  
2364  710  
2370  725  
2373  736  
2375  748  
2376  763  
2376  778  
2375  793  
2369  817  
2362  832  
2352  847  
2339  863  
2322  878  
2288  899  
2258  912  

