1945  378  
1946  378  
1950  374  
1952  365  
1936  360  
2145  880  
2148  883  
2147  888  
2138  893  
2120  896  
2079  896  
2026  894  
1954  896  
1894  904  
1834  910  
1766  907  
1679  889  
1616  877  
1572  869  
1553  859  
1546  843  
1548  811  
1556  781  
1567  750  
1580  726  
1593  709  
1619  691  
1640  686  
1662  686  
1684  693  
1705  707  
1724  726  
1746  762  
1758  787  
1765  810  
1767  830  
1759  847  
1733  868  
1705  876  
1651  884  
1577  903  
1503  925  
1374  950  
1269  965  
1158  974  
1060  984  
948  999  
842  1003  
706  1001  
630  1006  
549  1004  
474  988  
423  970  
399  959  
1605  598  
1615  598  
1618  598  
1622  598  
1902  756  

