1296  498  
1297  500  
1296  504  
1288  512  
1278  520  
1263  530  
1245  541  
1224  551  
1188  565  
1166  572  
1146  578  
1132  582  
1124  585  
1119  588  
1119  590  
1122  595  
1127  597  
1462  160  
1463  160  
1465  162  
1472  169  
1481  182  
1497  213  
1509  239  
1522  269  
1534  304  
1544  343  
1553  385  
1564  452  
1570  499  
1575  548  
1578  604  
1582  660  
1584  749  
1580  807  
1569  858  
1556  928  
1545  1006  
1531  1062  
1488  1135  
1446  1181  
1397  1219  
1342  1247  
1281  1265  
1174  1273  
1096  1268  
1017  1253  
944  1228  
881  1196  
812  1139  
781  1097  
760  1055  
751  1012  
753  966  
762  923  
782  878  
797  859  
810  845  
820  836  
827  831  
833  829  

