1207  1096  
1209  1093  
1211  1082  
1213  1055  
1215  1032  
1220  996  
1233  934  
1257  871  
1294  811  
1312  768  
1331  720  
1355  676  
1381  640  
1408  610  
1452  578  
1484  566  
1518  562  
1553  564  
1589  574  
1644  603  
1682  629  
1720  660  
1757  696  
1790  739  
1829  804  
1844  839  
1847  870  
1838  902  
1812  936  
1771  969  
1687  1012  
1602  1025  
1508  1025  
1409  1031  
1297  1037  
1118  1032  
1002  1034  
889  1031  
780  1019  
688  1012  
568  996  
489  963  
460  939  
920  100  
938  93  
952  92  
975  105  
1023  138  
1060  166  
1100  200  
1145  238  
1192  279  
1242  324  
1311  394  
1350  440  
1382  483  
1407  519  
1426  547  
1445  575  
1448  579  
1133  1214  
1128  1214  
1141  1204  
1158  1186  
1180  1162  

