1650  376  
1652  381  
1652  388  
1438  798  
1439  798  
1442  789  
1450  769  
1463  740  
1489  684  
1510  645  
1532  604  
1554  562  
1575  524  
1606  474  
1627  446  
1648  422  
1670  404  
1692  392  
1714  386  
1751  388  
1775  397  
1799  412  
1823  431  
1846  454  
1878  489  
1895  512  
1906  534  
1913  554  
1913  572  
1899  595  
1880  605  
1853  612  
1818  614  
1776  613  
1731  607  
1660  595  
1613  583  
1568  568  
1527  550  
1493  529  
1458  496  
1444  477  
1436  462  
1432  451  
1431  444  
1433  438  
1437  438  
1442  441  
1450  449  
1461  463  
1473  482  
1493  519  
1505  551  
1517  587  
1529  625  
1541  666  
1556  737  
1562  787  
1562  828  
1556  865  
1547  911  
1529  990  
1512  1025  
1482  1049  
1440  1070  
1392  1087  
1340  1098  
1251  1099  
1185  1086  
1115  1066  
1048  1047  
997  1025  
919  942  
874  878  
854  836  
848  790  
848  733  
863  657  
883  616  
908  583  
935  559  
964  541  
991  529  
1028  523  
1046  524  

