1554  565  
1571  546  
1598  526  
1619  518  
1643  515  
1669  515  
1697  520  
1728  529  
1778  549  
1812  565  
1845  585  
1877  607  
1906  629  
1943  666  
1961  693  
1973  720  
1980  748  
1980  776  
1973  801  
1945  833  
1918  856  
1886  883  
1845  911  
1790  934  
1700  965  
1616  981  
1530  985  
1447  989  
1354  999  
1196  993  
1090  979  
978  965  
869  946  
765  921  
672  893  
523  863  
436  859  
361  847  
326  836  
1155  154  
1161  156  
1171  161  
1183  167  
1199  179  
1222  197  
1251  220  
1305  265  
1344  302  
1383  344  
1421  391  
1456  440  
1501  508  
1527  549  
1550  581  
1558  590  
2029  626  
2027  631  
2017  652  
2002  672  

