1020  969  
1930  583  
1930  589  
1928  595  
1921  604  
1909  616  
1889  630  
1847  653  
1809  667  
1764  679  
1714  689  
1662  696  
1575  695  
1511  687  
1442  673  
1378  650  
1322  621  
1277  588  
1236  533  
1227  494  
1233  453  
1251  413  
1280  375  
1336  326  
1374  304  
1411  291  
1445  285  
1473  287  
1498  304  
1503  326  
1498  356  
1482  395  
1453  444  
1413  502  
1340  599  
1287  672  
1235  755  
1185  840  
1142  932  
1097  1059  
1090  1130  
1104  1190  
1136  1227  
1183  1241  
1267  1227  
1323  1198  
1372  1153  
1414  1098  
1449  1038  
1474  970  
1491  869  
1488  820  
1474  771  
1450  724  
1420  687  
1362  650  
1315  634  
1260  624  
1199  619  
1131  617  
1018  619  
939  623  
858  628  
772  634  
679  643  
586  658  
447  690  
2083  563  
2082  563  
2079  563  
2077  566  
2074  569  
2066  573  
2059  576  
2051  579  
2042  583  
2033  588  
2019  597  
2007  605  
1994  613  
1979  621  
1963  629  
1948  637  
1923  652  
1903  663  
1883  674  
1862  685  
1842  695  
1810  711  
1789  721  
1767  730  
1744  739  
1722  746  
1691  756  
1671  760  
1652  764  
1631  768  
1609  772  
1587  776  
1555  780  
1534  780  
1511  781  
1487  781  
1459  780  
1417  776  
1393  770  
1373  763  
1355  755  
1339  745  
1317  727  
1303  712  
1291  694  
1282  677  
1274  661  
1267  642  
1257  615  
1252  596  
1247  575  

