2135  1097  
2108  1094  
2078  1080  
2067  1064  
2064  1047  
2071  1034  
2085  1025  
2117  1019  
2328  1138  
2332  1138  
2329  1147  
2316  1162  
2295  1178  
2268  1193  
2236  1205  
2178  1215  
2130  1221  
2075  1225  
2012  1227  
1943  1225  
1873  1219  
1781  1206  
1743  1198  
1723  1194  
1713  1192  
1710  1191  
1713  1192  
1711  1196  
1707  1206  
1702  1225  
1699  1253  
1697  1288  
1699  1346  
1711  1381  
1736  1408  
1773  1423  
1822  1425  
1921  1406  
1988  1383  
2051  1357  
2115  1328  
2176  1294  
2260  1241  
2303  1210  
2332  1187  
2348  1171  
2357  1160  
2357  1154  
1733  817  
1735  820  
1735  818  
1736  824  
1735  832  
1731  847  
1728  859  
1725  871  
1721  883  
1718  898  
1710  922  
1698  938  
1673  951  
1630  962  
1578  970  
1506  974  
1441  978  
1374  986  
1301  996  
1218  998  
1146  994  
1041  999  
983  1008  
919  1014  
861  1012  
826  1005  
788  997  
765  993  
744  992  
726  991  
712  991  
703  991  
695  992  
692  992  
688  992  
685  988  
682  982  
677  968  
675  953  
674  934  
673  912  
672  895  
671  875  
672  865  
673  856  
678  852  
682  848  
1000  823  

