518  872  
483  880  
458  889  
425  901  
402  907  
379  910  
357  913  
338  915  
320  915  
303  916  
2007  862  
1985  861  
1962  861  
1942  862  
1913  867  
1894  872  
1873  876  
1842  878  
1800  879  
1740  875  
1707  868  
1659  863  
1598  865  
1544  873  
1462  883  
1398  882  
1344  876  
1272  874  
1199  883  
1141  895  
1044  899  
993  893  
928  891  
859  896  
817  906  
759  917  
715  919  
683  919  
662  917  
648  915  
633  913  
628  909  
1594  817  
1594  812  
1598  813  
1598  812  
1597  812  
1597  811  
1597  813  
1596  815  
1595  819  
1591  829  
1586  838  
1580  848  
1577  853  
1066  854  
1069  848  
1074  848  
1076  847  
1078  847  
1079  849  
1079  858  
1079  867  
1076  876  
1074  890  
1311  797  
1316  799  
1321  801  
1328  804  
1334  807  
1441  817  
1442  815  
1450  818  
1454  820  
1444  826  
1445  826  
1446  827  
1441  826  
1436  826  
1430  825  

