1685  1044  
1631  1051  
1575  1052  
1489  1052  
1422  1054  
1358  1060  
1294  1064  
1227  1064  
1163  1059  
1062  1053  
1007  1051  
957  1047  
902  1037  
854  1019  
806  978  
777  948  
749  916  
726  887  
711  863  
705  839  
708  800  
718  765  
733  729  
749  697  
765  671  
789  641  
804  626  
820  615  
836  607  
850  601  
865  597  
872  596  
876  596  
879  597  
881  598  
883  599  
884  601  
886  602  
887  603  
888  604  
890  605  
897  603  
1202  545  
1201  544  
1201  545  
1200  547  
1200  548  
1200  549  
1200  550  
1200  552  
1202  552  
1203  553  
1204  552  
1205  551  
1206  549  
1207  549  
1207  548  
1207  549  
1332  532  
1330  531  
1328  530  
1326  530  
1323  532  
1320  534  
1316  537  
1313  540  
1313  543  
1312  544  
1314  545  
1316  545  
1319  544  
1321  543  
1325  541  
1329  539  
1332  537  
1332  536  
1333  536  
1333  535  
1332  536  
1330  536  

