1453  334  
1478  298  
1495  281  
1514  270  
1534  266  
1558  268  
1585  277  
1628  305  
1662  332  
1699  365  
1741  405  
1787  451  
1855  525  
1896  577  
1930  630  
1958  683  
1979  735  
1993  805  
1989  836  
1970  863  
1939  893  
1906  921  
1866  935  
1775  923  
1718  896  
1659  866  
1598  842  
1556  818  
1516  763  
1499  722  
1490  687  
1488  656  
1491  631  
1506  600  
1525  585  
1547  577  
1573  575  
1598  580  
1622  590  
1656  611  
1677  629  
1695  651  
1708  674  
1717  699  
1723  742  
1723  772  
1720  802  
1714  826  
1703  845  
1682  865  
1608  911  
1552  949  
1493  972  
1418  990  
1333  1010  
1186  1017  
1087  1018  
986  1028  
886  1027  
789  1014  
667  1004  
598  998  
523  982  
468  961  
450  949  
1483  792  
1461  760  
1441  719  

