1259  686  
1257  717  
2346  1080  
2352  1078  
2353  1077  
2350  1077  
2341  1079  
2327  1081  
2305  1082  
2254  1085  
2208  1086  
2154  1088  
2097  1091  
2034  1095  
1925  1099  
1844  1102  
1756  1107  
1671  1113  
1592  1119  
1478  1129  
1409  1136  
1355  1142  
1314  1147  
1282  1151  
1259  1152  
1236  1155  
1232  1157  
1086  1352  
1090  1346  
1094  1334  
1097  1316  
1099  1283  
1099  1254  
1097  1222  
1094  1187  
1090  1151  
1087  1099  
1089  1069  
1095  1043  
1106  1020  
1121  999  
1139  979  
1170  954  
1194  943  
1234  936  
1292  938  
1341  948  
1389  969  
1423  985  
1462  1002  
1497  1019  
1520  1035  
1538  1050  
1555  1070  
1560  1082  
1560  1091  
1553  1099  
1541  1105  
1513  1110  
1486  1113  
1452  1116  
1414  1120  
1374  1124  
1311  1130  
1266  1135  
1219  1140  
1169  1145  
1113  1151  
1054  1156  
972  1166  
920  1171  
870  1176  
823  1181  
780  1186  
719  1191  
687  1193  
663  1195  
644  1197  
637  1198  
1127  619  
1131  621  
1139  633  
1148  652  
1158  679  
1175  739  
1185  790  
1189  836  
2272  1175  
2289  1170  
2319  1164  
2331  1163  
2340  1162  

