1023  497  
1032  505  
1036  512  
1036  517  
1034  521  
1024  524  
1297  346  
1298  343  
1298  341  
1297  341  
1298  341  
1299  342  
1301  344  
1305  346  
1306  344  
1778  495  
1781  487  
1780  487  
1781  492  
1782  503  
1785  520  
1789  540  
1802  575  
1814  601  
1829  629  
1845  657  
1874  722  
1882  781  
1876  815  
1858  843  
1826  868  
1781  887  
1710  909  
1636  925  
1555  941  
1482  950  
1407  956  
1298  965  
1222  965  
1169  960  
1127  956  
1088  952  
1062  947  
1044  937  
1039  922  
1493  332  
1495  336  
1498  341  
1502  348  
1510  357  
1516  364  

