1176  1231  
1178  1248  
1179  1266  
1179  1286  
1181  1315  
1182  1336  
1184  1357  
1187  1378  
1189  1400  
1191  1419  
1191  1443  
1188  1456  
1183  1468  
1176  1477  
1168  1483  
1148  1486  
1127  1481  
1114  1475  
1924  996  
1923  1002  
1917  1010  
1915  1019  
1913  1028  
1913  1039  
1915  1052  
1919  1065  
1929  1082  
1941  1090  
1955  1096  
1973  1097  
1992  1095  
2019  1088  
2035  1080  
2049  1071  
2060  1061  
2066  1051  
2066  1038  
2064  1029  
2058  1019  
2047  1011  
2029  1003  
2006  997  
1963  990  
1940  988  
1924  988  
1911  992  
1900  998  
1889  1010  
1883  1018  
1879  1026  
1876  1034  
1873  1042  
1869  1056  
1867  1066  
1863  1075  
1856  1084  

