1662  651  
1656  650  
1654  650  
1277  1149  
1284  1128  
1294  1101  
1316  1055  
1336  1014  
1355  959  
1368  901  
1379  855  
1405  798  
1428  753  
1457  711  
1489  678  
1522  652  
1570  627  
1599  620  
1628  620  
1656  628  
1687  645  
1724  668  
1794  721  
1846  770  
1887  816  
1913  855  
1936  904  
1972  1020  
1980  1063  
1969  1099  
1942  1134  
1898  1165  
1794  1202  
1702  1220  
1599  1233  
1483  1240  
1364  1244  
1249  1244  
1079  1245  
981  1242  
903  1234  
847  1215  
827  1202  
1033  100  
1027  87  
1035  92  
1051  108  
1072  130  
1114  171  
1147  206  
1182  245  
1220  289  
1258  337  
1311  413  
1340  462  
1365  507  
1383  547  
1396  580  
1404  607  
1409  634  
1411  647  
1413  660  
1415  671  
1419  681  
1426  698  
1429  704  
1429  702  
1429  698  
1591  449  

