1251  611  
1276  602  
2228  1032  
2221  1027  
2222  1024  
2229  1022  
2240  1020  
2253  1018  
2266  1017  
2284  1016  
2292  1016  
2296  1016  
2297  1018  
2294  1019  
2279  1024  
2260  1028  
2233  1033  
2200  1038  
2161  1045  
2118  1053  
2041  1071  
1981  1081  
1923  1090  
1866  1099  
1805  1111  
1724  1130  
1682  1141  
1646  1150  
1618  1156  
1597  1158  
1580  1155  
1575  1148  
1575  1136  
1578  1118  
1584  1096  
1594  1072  
1617  1036  
1639  1005  
1664  964  
1686  921  
1699  890  
1713  868  
1722  860  
1732  856  
1740  855  
1749  858  
1762  871  
1769  883  
1773  899  
1773  920  
1767  943  
1755  966  
1734  1000  
1714  1020  
1688  1036  
1656  1047  
1620  1055  
1574  1058  
1554  1056  
1538  1051  
1528  1043  
1523  1031  
1522  1018  
1523  1001  
1525  996  
1526  995  
1527  998  
1527  1006  
1525  1023  
1521  1035  
1514  1048  
1503  1063  
1488  1079  
1458  1108  
1434  1132  
1410  1156  
1382  1179  
1352  1197  
1317  1211  
1257  1225  
1212  1229  
1163  1229  
1109  1222  
1052  1211  
976  1186  
932  1163  
892  1139  
861  1112  
840  1081  
825  1037  
823  1007  
828  973  
835  953  
2252  973  
2261  969  
2267  968  
2271  967  
2276  967  
2318  969  
2318  968  
2315  966  
2312  965  
2308  965  
2298  967  
2287  969  
2275  972  
2259  975  
2241  978  
2211  981  
2190  983  
2168  986  

