1697  569  
1674  574  
1651  578  
1611  588  
1577  596  
1538  607  
1498  620  
1458  633  
1402  661  
1365  683  
1329  711  
1293  744  
1262  780  
1226  827  
1213  853  
1209  881  
1215  918  
1240  957  
1278  988  
1334  1014  
1369  1019  
1413  1020  
1468  1022  
1519  1026  
1588  1031  
1644  1031  
1692  1027  
1722  1022  
1740  1017  
1750  1014  
1754  1010  
1753  1008  
1428  464  
1428  466  
1428  472  
1428  473  
1427  473  
1427  472  
1427  469  
1426  469  
1425  469  
1424  469  
1426  472  
1427  472  
1397  719  
1372  720  
1333  715  
1306  705  
1279  691  
1249  676  
1220  658  
1180  626  
1162  601  
1151  573  
1148  541  
1153  508  
1178  461  
1209  434  
1252  414  
1301  402  
1354  399  
1407  405  
1480  430  
1521  454  
1554  482  
1579  511  
1597  543  
1609  590  
1607  619  
1596  647  
1576  673  
1545  699  
1474  740  
1414  768  
1362  794  
1319  815  
1279  836  
1240  862  
1211  927  
1219  977  
1248  1014  
1289  1036  
1333  1048  
1416  1060  
1493  1067  
1572  1074  
1643  1076  
1701  1075  
1744  1073  
1783  1068  
1794  1064  
1792  1057  
1384  254  
1385  257  
1385  260  
1385  262  
1384  261  
1384  260  
1383  260  
1380  261  
1377  262  
1372  259  
1366  255  
1359  250  
1355  250  
1352  251  
1350  253  
1350  254  
1206  1334  
1200  1328  
1202  1330  
1170  753  
1161  757  
1161  755  
1162  752  
1163  749  
1168  740  
1175  733  
1184  726  
1192  719  
1201  710  
1211  700  
1231  684  
1247  672  
1262  660  
1277  646  
1290  633  
1309  612  
1321  598  
1334  583  
1347  568  
1360  553  
1378  530  
1389  515  
1399  502  
1408  489  
1415  479  
1420  473  
1423  470  

