1171  770  
1165  758  
1160  752  
1153  763  
1562  875  
1564  871  
1562  875  
1557  884  
1552  898  
1547  917  
1543  937  
1539  970  
1536  990  
1532  1006  
1526  1018  
1517  1027  
1502  1034  
1455  1039  
1408  1041  
1357  1044  
1291  1045  
1217  1043  
1111  1037  
1041  1037  
985  1041  
931  1044  
884  1044  
857  1044  
843  1044  
842  1044  
844  1044  
849  1046  
858  1048  
868  1051  
846  1002  
828  1031  
803  1045  
762  1058  
709  1073  
624  1095  
554  1113  
474  1132  
393  1148  
321  1160  
255  1172  
234  1176  
225  1174  
226  1173  
1925  829  
1918  835  
1906  852  
1877  880  
1847  904  
1803  930  
1756  956  
1714  979  
1622  1003  
1559  1004  
1520  996  
1490  984  
1470  966  
1462  941  
1477  898  
1494  875  
1511  856  
1524  844  
1532  838  
1527  841  
1512  851  
1489  866  
1454  884  
1415  906  
1363  951  
1308  986  
1237  1011  
1172  1025  
1106  1038  
1037  1050  
963  1067  
923  1071  
896  1067  
1138  860  
1150  858  
1162  856  
1169  856  
1214  838  
1221  834  
1228  831  
1226  831  
1226  832  
1174  799  
1166  792  
1160  791  
1157  791  

