793  457  
816  456  
834  459  
845  466  
849  481  
843  491  
1399  990  
1402  991  
1406  976  
1411  948  
1420  910  
1434  868  
1454  824  
1482  744  
1497  692  
1511  648  
1523  611  
1535  579  
1559  536  
1576  513  
1594  497  
1615  487  
1638  485  
1681  492  
1715  505  
1749  524  
1780  547  
1807  573  
1830  600  
1855  643  
1862  670  
1859  695  
1846  718  
1821  738  
1761  762  
1714  771  
1662  776  
1605  779  
1549  778  
1471  761  
1425  742  
1389  719  
1363  695  
1341  672  
1324  651  
1308  628  
1303  620  
1302  617  
1302  616  
1304  618  
1310  628  
1315  643  
1319  662  
1322  686  
1322  714  
1316  762  
1305  792  
1286  815  
1252  835  
1205  860  
1151  888  
1045  921  
974  933  
889  941  
813  945  
746  942  
650  930  
587  921  
516  913  
466  911  
439  911  
410  913  
396  914  
1404  798  
1410  786  

