1388  571  
1478  573  
1570  577  
1657  585  
1766  602  
1819  617  
1850  631  
1856  647  
1834  662  
1744  683  
1652  699  
1537  721  
1405  746  
1286  774  
1150  825  
1076  858  
1028  895  
1010  944  
1012  991  
1046  1022  
1159  1049  
1258  1053  
1364  1049  
1495  1048  
1626  1050  
1785  1048  
1834  1047  
1228  844  
1184  851  
1127  850  
1068  843  
992  821  
945  801  
900  776  
866  742  
845  704  
837  648  
848  614  
874  583  
915  554  
973  528  
1083  502  
1166  493  
1251  491  
1335  499  
1417  514  
1492  538  
1583  586  
1624  622  
1645  659  
1647  697  
1632  737  
1574  796  
1504  830  
1413  855  
1303  880  
1180  924  
1000  1006  
891  1052  
795  1096  
723  1149  
683  1202  
684  1249  
763  1299  
859  1311  
985  1313  
1137  1306  
1219  976  
1219  972  
1215  965  
1214  955  
1215  929  
1223  903  
1244  877  
1274  857  
1300  842  
1330  827  
1348  819  
1369  815  
1393  813  
1424  816  
1462  823  
1525  834  
1564  838  
1615  841  
1676  847  
1731  855  
1826  860  
1877  856  
1914  850  
1945  846  
1974  846  
2007  849  
2013  852  
2009  855  
1990  861  
1957  870  
1922  887  
1878  927  
1839  953  
1782  979  
1726  1007  
1663  1031  
1543  1056  
1458  1073  
1366  1091  
1277  1105  
1187  1115  
1051  1120  
969  1121  
900  1124  
853  1127  

