1008  771  
932  773  
894  779  
860  791  
828  806  
795  822  
744  845  
719  864  
702  886  
690  913  
681  941  
670  971  
665  985  
663  993  
662  997  
661  998  
659  998  
656  998  
654  998  
652  997  
650  997  
650  999  
649  995  
848  701  
842  681  
856  667  
874  657  
893  650  
910  648  
923  651  
933  663  
933  674  
925  686  
911  700  
896  712  
873  717  
861  708  
855  692  
856  672  
866  650  
902  621  
1269  625  
1292  624  
1309  626  
1323  630  
1328  636  
1328  642  
1320  650  
1304  659  
1282  666  
1242  675  
1218  676  
1196  669  
1181  656  
1177  639  
1192  620  
1215  614  
1243  613  
1258  614  
1902  305  
1933  272  
1968  262  
1998  260  
2023  265  
2047  288  
2053  312  
2052  342  
2045  369  
2035  387  
2007  399  
1980  398  
1955  389  
1935  372  
1921  348  
1917  302  
1935  274  
1966  254  
2001  244  
2020  242  
1950  563  
1980  551  
2013  549  
2029  560  
2040  580  
2042  606  
2033  634  
2007  666  
1989  677  
1970  682  
1948  680  
1923  670  
1890  637  
1889  599  
1917  552  
1960  507  
1999  473  
2031  452  
2185  292  
2178  314  
2166  360  
2153  408  
2137  465  
2119  526  
2087  619  
2064  679  
2046  734  
2039  775  
2039  797  
2044  798  
2160  324  
2225  279  
2280  266  
2343  278  
2377  298  
2402  327  
2415  362  
2413  397  
2385  435  
2352  446  
2311  449  
2272  449  
2241  450  
2228  450  
1757  1090  
1736  1061  
1737  1047  
1747  1034  
1767  1023  
1795  1016  
1823  1014  
1856  1021  
1870  1033  
1880  1050  
1882  1068  
1876  1085  
1853  1100  
1832  1103  
1809  1101  
1791  1096  
1782  1086  
1780  1062  
1792  1046  
2168  1037  
2186  1039  
2202  1043  
2214  1052  
2221  1062  
2219  1076  
2209  1085  
2191  1091  
2165  1096  

