1936  946  
1923  947  
1908  949  
1894  951  
1879  953  
1852  956  
1823  960  
1790  964  
1760  969  
1736  974  
1716  980  
1678  991  
1639  998  
1597  1003  
1566  1004  
1546  1005  
1522  1005  
1508  1005  
1495  1005  
1483  1005  
1473  1005  
1461  1002  
1456  999  
1453  996  
1452  992  
1451  988  
1451  982  
1451  974  
1451  968  
1451  964  
1451  961  
1451  960  
1451  962  
1451  965  
1451  969  
1452  974  
1452  983  
1452  990  
1449  996  
1447  1002  
1443  1008  
1438  1013  
1430  1020  
1424  1024  
1418  1026  
1413  1027  
1408  1027  
1401  1024  
1397  1020  
1395  1014  
1394  1008  
1392  1002  
1392  994  
1392  992  
1392  991  
1392  990  
1392  991  
1392  994  
1392  999  
1391  1003  
1390  1007  
1389  1010  
1386  1014  
1381  1019  
1376  1022  
1372  1024  
1368  1025  
1364  1026  
1359  1026  
1356  1026  
1354  1025  
1352  1023  
1350  1021  
1349  1018  
1347  1012  
1347  1008  
1347  1004  
1347  1000  
1347  997  
1348  993  
1348  992  
1348  991  
1348  992  
1348  995  
1349  998  
1350  1002  
1351  1007  
1352  1012  
1353  1018  
1354  1027  
1354  1033  
1355  1040  
1355  1048  
1355  1056  
1355  1073  
1352  1086  
1348  1099  
1343  1113  
1337  1126  
1330  1138  
1314  1152  
1299  1162  
1280  1170  
1259  1176  
1235  1180  
1194  1180  
1165  1176  
1134  1168  
1102  1156  
1072  1142  
1032  1114  
1012  1093  
997  1071  
989  1047  
987  1019  
990  981  
1000  910  
1014  874  
1042  846  
1099  817  
1165  786  
1192  768  
1349  825  
1347  825  
1348  831  
1351  844  
1352  853  
1353  861  
1353  867  
1353  868  
1352  868  
1348  863  
1346  855  

