273  1308  
272  1311  
273  1311  
872  681  
865  678  
866  680  
869  688  
876  710  
880  729  
884  750  
887  775  
889  799  
889  821  
889  851  
890  873  
894  902  
901  935  
909  963  
999  837  
1003  843  
1008  851  
1008  853  
1723  305  
1711  303  
1705  303  
1696  305  
1685  309  
1673  312  
1657  317  
1627  329  
1603  339  
1578  352  
1553  365  
1529  380  
1498  404  
1483  420  
1473  436  
1471  450  
1476  463  
1499  478  
1523  485  
1550  490  
1578  495  
1606  499  
1634  503  
1669  510  
1684  514  
1692  519  
1695  524  
1694  529  
1682  539  
1667  548  
1646  559  
1622  571  
1594  587  
1547  615  
1511  637  
1471  663  
1426  693  
1381  726  
1342  760  
1297  804  
1272  828  
1248  853  
1228  887  
1218  936  
1224  1001  
1243  1027  
1271  1045  
1303  1057  
1337  1067  
1397  1079  
1448  1084  
1504  1087  
1556  1089  
1610  1089  
1666  1085  
1744  1075  
1798  1070  
1852  1067  
1897  1066  
1937  1064  
1997  1058  
2032  1053  
2056  1049  
2069  1047  

