1735  593  
1736  610  
1736  631  
1733  656  
1729  684  
1725  732  
1721  762  
1715  789  
1703  809  
1685  823  
1632  840  
1578  855  
1519  873  
1443  886  
1362  886  
1267  890  
1131  914  
1053  920  
986  920  
909  922  
845  923  
805  909  
790  894  
784  877  
788  854  
799  827  
823  774  
842  737  
863  706  
885  682  
909  664  
935  648  
945  639  
1319  1101  
1320  1102  
1319  1103  
1316  1105  
1311  1107  
1309  1107  
1309  1105  
1310  1104  
1311  1103  
1312  1106  
1313  1109  
1314  1109  
1316  1105  
1317  1100  
1318  1097  
1318  1098  
1314  1104  
1311  1104  
1772  584  
1770  582  
1770  584  
1769  594  

