2213  850  
2229  837  
2231  834  
2229  834  
2221  837  
2197  843  
2171  850  
2139  857  
2106  862  
2067  864  
2007  868  
1908  891  
1858  911  
1799  926  
1744  937  
1700  948  
1615  965  
1567  970  
1540  970  
1524  964  
1513  955  
1506  935  
1507  914  
1514  892  
1526  871  
1542  852  
1561  835  
1591  817  
1612  808  
1633  803  
1652  802  
1668  804  
1686  811  
1692  817  
1694  823  
1693  830  
1688  837  
1672  847  
1655  854  
1630  861  
1596  871  
1565  885  
1539  901  
1496  923  
1451  935  
1403  945  
1366  956  
1323  970  
1231  988  
1186  992  
1149  995  
1108  998  
1070  1001  
1034  1000  
1021  994  
1013  984  
1011  967  
1012  944  
1017  916  
1035  882  
1055  865  
1086  846  
1125  827  
1164  804  
1182  789  
1544  712  
1553  720  
1551  727  
1544  736  
2096  925  
2095  924  
2093  924  
2087  925  
2080  925  
2068  925  
2048  926  
2015  927  
1952  934  
1918  940  
1891  945  
1864  950  
1826  954  
1757  962  
1720  969  
1676  979  
1613  988  
1557  992  
1517  993  
1448  998  
1402  1005  
1368  1014  
1339  1022  

