2003  944  
1962  951  
1929  959  
1903  965  
1879  970  
1833  976  
1794  981  
1757  987  
1730  994  
1706  1001  
1676  1006  
1620  1009  
1587  1007  
1565  1002  
1550  995  
1540  986  
1530  968  
1526  954  
1523  938  
1520  919  
1518  899  
1518  873  
1518  857  
1518  841  
1518  824  
1515  805  
1513  783  
1509  744  
1506  720  
1505  699  
1504  682  
1502  670  
1500  655  
1500  650  
1500  647  
1500  649  
1500  658  
1502  667  
1504  679  
1507  695  
1511  715  
1515  737  
1519  773  
1522  798  
1523  819  
1524  838  
1524  856  
1521  883  
1519  904  
1518  929  
1517  953  
1516  974  
1515  999  
1514  1010  
1510  1018  
1505  1025  
1495  1031  
1480  1037  
1444  1045  
1416  1050  
1387  1055  
1358  1061  
1326  1066  
1265  1069  
1221  1069  
1178  1067  
1131  1065  
1078  1064  
1008  1064  
964  1066  
913  1066  
861  1065  
816  1061  
770  1058  
699  1056  
661  1058  

