2215  739  
2208  740  
2201  746  
2189  756  
2175  769  
2156  785  
2123  811  
2102  827  
2081  839  
2057  848  
2021  856  
1943  877  
1895  894  
1845  904  
1786  899  
1736  884  
1697  863  
1641  831  
1619  806  
1608  772  
1606  733  
1609  696  
1623  650  
1639  627  
1659  611  
1683  602  
1707  600  
1742  610  
1764  624  
1784  645  
1800  670  
1811  699  
1817  732  
1814  783  
1802  813  
1779  839  
1749  860  
1717  877  
1625  910  
1544  940  
1461  964  
1366  987  
1260  1003  
1094  1012  
980  1027  
865  1033  
742  1032  
627  1038  
518  1033  
384  1007  
316  988  
263  967  
227  941  
203  909  
189  857  
194  824  
210  792  
235  761  
268  735  
328  709  
369  698  
406  692  
435  689  
456  688  
469  689  
476  696  
475  702  
471  711  
469  715  
1571  434  
1570  431  
1573  431  
1583  431  
1601  430  
1625  427  
1664  424  
1687  422  
1705  420  

