1093  557  
1123  511  
1171  467  
1219  443  
1267  433  
1306  429  
1349  432  
1386  437  
1406  446  
1423  458  
1443  476  
1450  499  
1453  525  
1441  558  
1408  601  
1354  654  
1283  704  
1213  758  
1138  821  
1067  888  
1003  958  
962  1027  
932  1080  
913  1125  
913  1162  
919  1200  
934  1238  
963  1277  
998  1309  
1043  1320  
1083  1323  
1133  1321  
1199  1311  
1256  1298  
1304  1283  
1341  1272  
1367  1264  
1390  1255  
1399  1251  
1404  1247  
1406  1244  
1407  1243  
1407  1241  
1325  1037  
1397  575  
1351  566  
1297  550  

