1677  577  
1667  563  
1658  551  
1652  540  
1644  531  
1642  530  
1641  530  
1641  532  
1641  539  
1641  551  
1641  576  
1640  593  
1637  607  
1633  616  
1627  622  
1613  625  
1597  625  
1578  621  
1558  615  
1541  605  
1522  585  
1513  569  
1505  554  
1498  540  
1494  530  
1491  524  
1490  521  
1492  525  
1494  533  
1498  546  
1506  575  
1512  598  
1518  623  
1525  650  
1531  679  
1537  730  
1537  769  
1533  808  
1525  843  
1514  878  
1500  920  
1462  984  
1427  1017  
1390  1042  
1349  1058  
1296  1065  
1205  1052  
1145  1032  
1080  1005  
1025  962  
978  903  
926  853  
874  793  
860  743  
856  693  
864  652  
884  615  
926  571  
956  551  
987  537  
1016  531  
1040  530  
1068  535  
1081  541  
1091  547  
1097  554  
1096  563  
1091  576  
1698  484  
1712  496  
1728  512  
1743  530  
1760  551  
1777  574  
1798  610  
1807  633  
1810  655  
1809  674  
1802  689  
1786  704  
1771  706  
1754  702  
1734  690  
1713  673  
1682  640  
1664  617  
1648  596  
1635  577  
1626  563  
1621  554  

