1886  849  
1909  839  
1942  826  
1963  818  
1981  809  
1994  799  
2004  788  
2012  769  
2013  754  
2010  739  
2006  727  
2000  714  
1993  701  
1980  684  
1971  674  
1963  664  
1955  655  
1949  646  
1938  632  
1408  607  
1407  614  
1405  622  
1402  633  
1400  644  
1397  659  
1396  665  
1396  669  
1396  668  
1397  660  
1399  650  
1401  637  
1404  624  
1406  612  
1408  601  
1409  589  
1410  585  
1410  582  
1411  579  
1411  577  
1412  576  
1412  575  
1412  576  
1413  576  
1412  576  
1413  576  
1415  577  
1417  576  
1540  607  
1542  608  
1542  612  
1542  616  
1542  620  
1542  624  
1542  627  
1542  628  
1541  630  
1541  629  
1541  627  
1541  624  
1541  616  
1543  610  
1545  606  
1545  604  
1546  603  
1547  605  
1547  609  
1547  614  
1547  619  
1547  624  
1546  630  
1543  638  
1542  643  
1540  648  
1539  650  
1538  650  
1539  650  
1502  512  
1498  510  
1498  509  
1502  512  
1504  512  
1977  649  
1976  647  
1974  643  
1974  642  
1974  643  
1974  645  
1974  649  
1975  658  
1975  666  
1976  675  
1978  684  
1981  695  
1985  708  
1993  726  
1998  738  
2005  751  
2013  764  
2022  776  
2041  794  
2056  804  
2072  813  
2089  821  
2107  827  
2138  834  
2160  837  
2185  838  
2208  839  
2229  838  
2249  836  
2275  833  
2292  831  
2307  829  
2321  828  
2331  826  
2342  825  
2347  824  
2350  823  
2351  822  
2352  822  
2352  821  
2353  821  
2355  820  
2359  819  
2362  818  
2365  817  
2369  817  
2374  816  
2382  815  
2386  814  
2390  814  
2392  815  
2391  815  
2389  815  
2385  813  
2381  812  
1971  525  
1970  523  
1972  525  
1973  526  

