1585  1093  
1578  1093  
1573  1093  
1572  1092  
1571  1091  
1571  1090  
1573  1088  
1574  1086  
1574  1084  
1575  1081  
1575  1076  
1575  1071  
1573  1065  
1571  1058  
1568  1052  
1564  1045  
1563  1043  
1563  1042  
1563  1044  
1565  1050  
1567  1056  
1568  1063  
1568  1070  
1566  1077  
1562  1084  
1553  1094  
1544  1100  
1536  1105  
1529  1107  
1522  1107  
1514  1104  
1509  1100  
1506  1094  
1504  1087  
1503  1080  
1503  1071  
1504  1067  
1504  1066  
1505  1066  
1505  1068  
1504  1072  
1500  1080  
1496  1085  
1490  1089  
1483  1093  
1474  1095  
1461  1096  
1451  1094  
1442  1091  
1435  1086  
1430  1081  
1426  1073  
1423  1069  
1422  1066  
1420  1063  
1420  1061  
1420  1060  
1421  1062  
1421  1065  
1423  1069  
1423  1075  
1424  1079  
1424  1083  
1423  1088  
1420  1092  
1412  1099  
1403  1102  
1392  1105  
1378  1109  
1361  1114  
1342  1118  
1305  1122  
1276  1124  
1243  1126  
1207  1128  
1169  1129  
1107  1133  
1065  1134  
1027  1135  
992  1136  
963  1136  
936  1137  
901  1136  
883  1135  
867  1135  
855  1135  
846  1135  
841  1138  
843  1139  
845  1137  
1395  984  
1390  980  
1396  981  
1400  982  
1405  984  
1523  1000  
1524  999  
1527  999  
1529  998  
1530  997  
1528  994  
1426  927  
1426  919  
1428  919  
1435  921  
2285  1102  
2288  1104  

