1156  1126  
1153  1138  
1148  1151  
1139  1164  
1118  1183  
1099  1194  
1076  1203  
1049  1210  
1020  1214  
989  1215  
945  1208  
919  1199  
895  1186  
874  1168  
858  1149  
844  1116  
841  1092  
842  1069  
847  1049  
857  1031  
877  1009  
918  978  
1153  981  
1158  979  
1162  979  
1165  980  
1168  982  
1234  999  
1244  999  
1254  1000  
1261  1000  
1261  999  
1164  904  
1164  894  
1168  894  
1170  893  
1690  926  
1709  926  
1734  928  
1756  929  
1785  931  
1836  932  
1862  933  
1880  935  
1895  938  
1906  941  
1913  946  
1916  950  
1910  954  
1899  958  
1882  960  
1853  962  
1775  966  
1719  972  
1645  979  
1558  981  
1478  982  
1348  999  
1253  1010  
1161  1013  
1079  1021  
1006  1035  
944  1048  
865  1059  
838  1064  
826  1070  
824  1079  
827  1089  
836  1103  
840  1110  
842  1115  
843  1116  
840  1116  
827  1110  
813  1101  
796  1089  
776  1073  
755  1054  

