1516  573  
1519  549  
1524  524  
1530  490  
1534  471  
1537  454  
1542  440  
1547  429  
1557  420  
1566  420  
1580  427  
1598  439  
1620  458  
1656  494  
1679  523  
1698  556  
1714  590  
1727  624  
1735  655  
1739  689  
1738  702  
1733  709  
1723  710  
1709  704  
1685  686  
1667  673  
1648  657  
1628  638  
1608  620  
1575  596  
1552  584  
1532  577  
1514  575  
1498  576  
1481  583  
1454  603  
1437  621  
1424  643  
1412  667  
1402  691  
1390  734  
1381  768  
1372  802  
1365  832  
1360  860  
1347  917  
1323  969  
1282  1012  
1233  1037  
1183  1054  
1123  1072  
1025  1097  
963  1105  
900  1104  
835  1092  
1557  1045  

