2271  812  
2264  813  
2242  819  
2219  823  
2191  828  
2160  832  
2126  835  
2073  836  
2028  836  
1973  840  
1921  849  
1879  861  
1830  871  
1753  875  
1716  873  
1679  869  
1630  868  
1585  871  
1553  875  
1648  605  
1641  601  
1629  605  
1600  615  
1576  626  
1548  639  
1518  655  
1490  670  
1467  685  
1444  709  
1441  723  
1450  734  
1469  742  
1496  747  
1541  751  
1570  752  
1596  753  
1617  756  
1632  759  
1638  763  
1635  772  
1623  781  
1604  791  
1581  803  
1556  817  
1515  841  
1481  861  
1443  884  
1409  915  
1385  952  
1358  1007  
1343  1036  
1332  1062  
1327  1086  
1330  1112  
1340  1138  
1366  1174  
1393  1192  
1428  1206  
1471  1217  
1517  1223  
1588  1226  
1637  1224  
1688  1220  
1740  1213  
1795  1203  
1872  1188  
1916  1178  
1954  1169  
1986  1157  
2017  1144  
1527  156  
1522  151  
1512  149  
1504  149  
1494  149  
1482  149  
1468  152  
1439  158  
1414  164  
1387  171  
1357  182  
1325  194  
1276  216  
1246  233  
1220  250  
1197  269  
1177  290  
1162  309  

