1418  763  
1431  731  
1447  693  
1466  652  
1492  594  
1509  558  
1525  525  
1543  494  
1564  468  
1588  447  
1626  428  
1651  425  
1677  426  
1704  432  
1732  444  
1773  472  
1795  496  
1811  520  
1820  544  
1824  566  
1819  595  
1803  613  
1777  630  
1739  645  
1696  658  
1648  667  
1567  673  
1508  670  
1448  662  
1395  648  
1355  631  
1314  605  
1296  589  
1283  574  
1275  563  
1272  556  
1274  552  
1279  554  
1287  560  
1297  571  
1307  587  
1317  607  
1330  646  
1339  677  
1348  714  
1353  757  
1354  800  
1350  854  
1343  895  
1320  952  
1278  1005  
1228  1036  
1148  1060  
1080  1072  
1011  1077  
942  1073  
870  1057  
805  1028  
715  958  
676  895  
654  837  
643  781  
644  721  
664  639  
692  591  
730  550  
775  521  
821  502  
884  491  
920  493  
950  499  
974  508  
990  518  
1001  528  
1007  549  
1005  567  
2027  636  
2025  632  
2026  630  
2028  632  

