2075  1042  
2073  1042  
2075  1041  
2084  1039  
2093  1038  
2101  1038  
2108  1037  
2112  1037  
2113  1037  
2110  1037  
2102  1039  
2086  1043  
2059  1049  
2019  1056  
1945  1066  
1900  1072  
1853  1077  
1798  1080  
1745  1083  
1682  1083  
1647  1081  
1615  1076  
1591  1068  
1574  1057  
1562  1044  
1549  1023  
1543  1008  
1540  994  
1540  981  
1540  973  
1540  970  
1540  971  
1540  977  
1540  988  
1541  999  
1545  1017  
1548  1029  
1549  1039  
1549  1050  
1547  1061  
1540  1070  
1524  1083  
1508  1092  
1487  1100  
1464  1109  
1439  1118  
1399  1130  
1374  1136  
1351  1138  
1331  1137  
1312  1131  
1289  1118  
1278  1106  
1270  1094  
1265  1081  
1262  1068  
1261  1058  
1259  1051  
1259  1050  
1259  1051  
1259  1054  
1259  1060  
1256  1074  
1252  1082  
1246  1090  
1238  1097  
1226  1104  

