1569  804  
1579  808  
1592  815  
1600  821  
1608  826  
1614  831  
1619  836  
1622  841  
1624  849  
1622  854  
1617  860  
1608  867  
1595  874  
1577  886  
1566  895  
1557  906  
1548  916  
1539  925  
1525  936  
1514  941  
1502  945  
1487  947  
1466  949  
1442  951  
1411  954  
1393  956  
1378  958  
1365  961  
1354  962  
1333  963  
1315  964  
1293  966  
1284  967  
1555  819  
1557  819  
1557  818  
1554  817  
1550  816  
1544  815  
1536  815  
1526  814  
1510  812  
1498  810  
1487  808  
1477  806  
1467  804  
1458  802  
1449  801  
1448  800  
1450  800  
1455  800  
1472  802  
1486  804  
1501  806  
1516  808  
1530  809  
1549  812  
1560  813  
1570  814  
1579  816  
1587  817  
1593  819  
1602  821  
1607  823  
1611  826  
1614  828  
1615  830  
1615  835  
1612  839  
1607  843  
1601  848  
1593  853  
1581  862  
1573  868  
1564  875  
1556  884  
1549  894  
1542  904  
1534  919  
1529  926  
1523  932  
1515  938  
1504  943  
1479  951  
1456  955  
1431  959  
1409  962  
1387  965  
1369  969  
1347  972  
1066  646  

