1152  335  
1152  350  
1158  364  
1168  377  
1182  388  
1213  399  
1239  403  
1268  404  
1297  405  
1326  403  
1369  397  
1396  391  
1419  384  
1437  378  
1447  374  
1451  372  
1445  372  
1434  376  
1418  381  
1397  390  
1372  402  
1330  423  
1299  439  
1268  457  
1235  476  
1200  496  
1163  520  
1109  559  
1076  588  
1047  617  
1023  647  
1003  679  
979  732  
968  771  
962  805  
961  833  
967  860  
984  925  
994  975  
1006  1013  
1022  1041  
1046  1067  
1078  1094  
1135  1138  
1175  1164  
1218  1184  
1264  1200  
1315  1213  
1400  1224  
1464  1225  
1528  1223  
1590  1216  
1649  1204  
1735  1174  
1791  1148  
1840  1121  
1875  1096  
1896  1073  
1905  1050  
1904  1009  
1895  968  
1881  924  
1860  891  
1820  866  
1742  830  
1690  805  
1635  782  
1576  761  
1511  743  
1396  722  
1321  712  

