1365  862  
1191  861  
1081  865  
971  859  
869  860  
774  871  
660  870  
609  865  
557  865  
515  865  
1210  466  
1216  460  
1220  459  
1219  465  
1215  475  
1293  1156  
1308  1131  
1328  1100  
1341  1081  
1352  1059  
1363  1022  
1367  987  
1368  939  
1360  887  
1342  844  
1302  782  
1274  732  
1245  684  
1217  640  
1190  601  
1159  549  
1150  517  
1155  489  
1174  462  
1208  440  
1256  424  
1351  415  
1428  419  
1512  432  
1598  452  
1684  478  
1802  525  
1868  560  
1924  596  
1971  632  
2009  668  
2051  722  
2068  754  
2076  782  
2076  805  
2067  821  
2045  832  
1977  842  
1921  852  
1861  863  
1783  864  
1698  854  
1557  852  
1454  854  
1347  848  
1240  849  
1126  863  
961  866  
858  877  
761  896  

