919  1039  
1845  1026  
1843  1021  
1843  1020  
1844  1019  
1843  1019  
1839  1019  
1824  1019  
1809  1021  
1794  1023  
1779  1025  
1764  1027  
1740  1032  
1722  1036  
1702  1041  
1678  1045  
1650  1047  
1600  1048  
1570  1047  
1544  1045  
1519  1042  
1492  1038  
1464  1034  
1424  1027  
1404  1022  
1388  1015  
1376  1009  
1367  1002  
1356  993  
1349  989  
1342  986  
1335  987  
1327  990  
1318  998  
1301  1014  
1291  1026  
1284  1037  
1283  1047  
1284  1058  
1290  1075  
1297  1085  
1307  1093  
1319  1100  
1331  1103  
1348  1103  
1357  1100  
1367  1094  
1375  1086  
1383  1077  
1389  1067  
1394  1051  
1394  1042  
1392  1032  
1387  1022  
1382  1013  
1375  1002  
1369  998  
1362  996  
1355  996  
1347  998  
1333  1005  
1324  1010  
1315  1018  
1306  1026  
1298  1034  
1291  1042  
1281  1055  
1273  1064  
1264  1074  
1252  1083  
1238  1094  
1214  1110  
1194  1123  
1171  1136  
1144  1149  
1112  1161  
1057  1179  
1018  1189  
976  1198  
932  1207  
886  1213  
840  1216  
775  1208  
732  1195  
694  1174  
662  1148  
640  1114  
641  1044  
649  1014  
1867  1076  
1873  1071  
1878  1072  
1879  1071  

