1528  915  
1508  919  
1472  921  
1423  918  
1345  897  
1266  884  
1185  883  
1109  882  
1029  872  
903  859  
827  863  
762  864  
700  856  
658  845  
622  830  
605  820  
599  816  
2073  188  
2084  162  
2074  165  
2053  173  
2016  187  
1966  205  
1904  225  
1792  257  
1709  280  
1626  304  
1548  329  
1482  355  
1419  392  
1406  416  
1413  442  
1438  473  
1480  506  
1567  562  
1633  602  
1697  645  
1756  690  
1812  739  
1859  787  
1896  844  
1903  877  
1901  919  
1893  962  
1876  994  
1807  1023  
1740  1037  
1661  1046  
1569  1042  
1469  1036  
1308  1039  
1198  1036  
1088  1034  
989  1042  
905  1047  
839  1044  
772  1041  
729  1041  
695  1045  
672  1045  
1839  229  
1846  239  
1852  272  
1856  307  
1859  349  
1864  397  
1871  448  
1880  497  
1902  565  

