2206  1073  
2236  1066  
2260  1064  
2278  1061  
2303  1060  
2316  1060  
2324  1060  
2327  1062  
2327  1063  
2321  1067  
2297  1072  
2271  1076  
2236  1079  
2193  1081  
2144  1083  
2061  1087  
1997  1090  
1929  1092  
1861  1094  
1787  1098  
1683  1108  
1619  1116  
1556  1125  
1490  1135  
1426  1147  
1369  1160  
1299  1180  
1261  1190  
1230  1198  
1206  1203  
1188  1206  
1172  1205  
1168  1201  
1167  1193  
1169  1180  
1175  1162  
1186  1128  
1195  1103  
1203  1081  
1211  1059  
1217  1038  
1221  1015  
1231  968  
1245  928  
1263  891  
1283  866  
1304  852  
1336  840  
1356  835  
1379  833  
1407  833  
1439  835  
1486  840  
1510  845  
1528  851  
1542  859  
1551  867  
1557  876  
1561  900  
1561  922  
1557  944  
1551  964  
1541  981  
1517  1002  
1490  1012  
1452  1023  
1408  1034  
1367  1047  
1296  1067  
1242  1079  
1190  1090  
1135  1101  
1077  1114  
1024  1127  
957  1143  
917  1150  
882  1155  
866  1155  
1237  486  
1234  481  
1234  486  
1234  498  
1237  515  
1241  540  
1247  571  
1253  609  

