1593  444  
1590  438  
1592  438  
1597  438  
1604  440  
1609  441  
1613  444  
1426  251  
1427  240  
1425  224  
1420  218  
1409  213  
1390  210  
1347  213  
1309  222  
1271  236  
1240  252  
1220  270  
1211  301  
1220  320  
1242  337  
1274  350  
1309  357  
1364  358  
1400  357  
1434  355  
1465  354  
1490  352  
1506  351  
1513  349  
1510  349  
1498  349  
1476  352  
1445  356  
1379  367  
1326  378  
1266  393  
1200  415  
1130  443  
1021  500  
954  543  
898  587  
852  637  
816  697  
789  768  
770  864  
774  929  
791  999  
820  1057  
862  1106  
946  1181  
1012  1228  
1087  1270  
1166  1307  
1247  1335  
1377  1361  
1468  1365  
1561  1364  
1650  1360  
1731  1354  

