1925  829  
1925  833  
1923  838  
1920  844  
1916  852  
1906  865  
1900  874  
1893  883  
1886  892  
1878  901  
1867  911  
1858  915  
1850  915  
1842  914  
1834  910  
1827  905  
1818  897  
1817  890  
1816  884  
1816  877  
1817  870  
1821  860  
1823  854  
1825  849  
1827  846  
1828  845  
1830  844  
1831  845  
1832  847  
1833  851  
1833  856  
1833  862  
1831  871  
1827  877  
1821  884  
1814  891  
1805  897  
1791  906  
1782  911  
1773  915  
1765  917  
1756  918  
1746  917  
1742  915  
1740  911  
1738  906  
1737  901  
1736  895  
1736  886  
1736  879  
1736  871  
1736  865  
1736  860  
1735  855  
1735  853  
1736  852  
1736  853  
1736  855  
1736  857  
1736  860  
1736  863  
1736  867  
1736  871  
1736  874  
1735  876  
1733  878  
1730  880  
1727  884  
1723  887  
1719  891  
1714  893  
1708  896  
1697  902  
1687  908  
1673  914  
1657  921  
1640  928  
1620  935  
1586  946  
1567  950  
1550  954  
1535  957  
1519  960  
1489  964  
1457  966  
1421  969  
1406  973  
1825  721  
1820  723  
1817  731  
1815  739  
1812  750  
1807  765  
1803  773  
1800  778  
1798  779  
1797  776  
1800  766  
1804  755  
1811  740  
1818  727  
1826  719  
1836  715  
1843  718  
1852  727  
1863  741  
1878  763  
2098  916  
2097  915  
2097  914  
2099  914  
2102  914  
2107  914  
2112  913  
2121  912  
2129  911  
2137  911  
2146  911  
2153  911  
2160  910  
2161  910  
2159  909  
2156  908  
2149  907  
2135  906  
2124  904  

