994  1113  
944  1117  
897  1120  
857  1122  
827  1124  
802  1124  
2233  1101  
2236  1101  
2238  1101  
2235  1102  
2228  1103  
2206  1108  
2183  1112  
2154  1117  
2122  1121  
2085  1124  
2043  1128  
1966  1135  
1910  1140  
1847  1145  
1777  1151  
1710  1155  
1614  1162  
1551  1167  
1489  1173  
1431  1177  
1383  1178  
1337  1172  
1320  1163  
1313  1150  
1316  1133  
1328  1111  
1348  1086  
1388  1048  
1418  1024  
1450  1000  
1478  975  
1496  947  
1513  902  
1520  879  
1522  865  
1518  854  
1505  846  
1463  838  
1425  835  
1388  835  
1356  834  
1321  836  
1277  843  
1207  868  
1176  893  
1153  919  
1136  942  
1124  960  
1119  983  
1125  992  
1143  996  
1168  996  
1200  994  
1250  988  
1336  977  
2180  876  
2190  875  
2199  875  
2203  875  
2204  875  
2200  875  
2187  875  
2176  875  
2163  875  
2147  875  
2130  874  
2111  871  
2080  864  
2054  859  
2019  854  
1980  853  
1944  854  
1903  861  
1877  866  
1848  870  
1812  871  
1776  871  
1737  867  
1717  864  
1699  860  
1679  858  
1658  856  

