757  759  
660  767  
585  773  
502  783  
463  786  
438  787  
1325  359  
1322  359  
1317  365  
1387  538  
1382  521  
1380  507  
1380  499  
1382  491  
1386  482  
1392  472  
1406  457  
1420  447  
1437  438  
1462  430  
1494  425  
1533  422  
1600  427  
1646  437  
1689  453  
1727  471  
1760  493  
1801  529  
1824  554  
1842  580  
1854  605  
1861  630  
1864  665  
1862  689  
1856  713  
1847  738  
1831  764  
1807  789  
1760  816  
1728  828  
1695  835  
1654  841  
1603  849  
1531  871  
1478  884  
1420  892  
1372  894  
1328  895  
1239  910  
1195  921  
1170  929  
1148  933  
1131  937  
1118  939  
1103  943  
1098  939  
1559  911  
1561  909  
1564  907  
1569  904  
1577  901  
1599  895  
1623  893  
1649  892  
1674  892  
1697  892  
1724  895  
1744  897  
1769  897  
1798  898  
1829  898  
1854  897  
1875  895  
1883  894  
1889  893  
1893  892  
1895  891  
1896  891  
1894  891  
1890  893  
1518  825  
1518  821  
1519  814  
1521  812  
1525  809  
1529  806  
1534  804  
1543  802  
1550  801  
1559  802  

