1641  165  
1650  181  
1661  202  
1682  243  
1699  276  
1718  312  
1738  350  
1756  390  
1782  454  
1797  498  
1810  541  
1821  583  
1828  623  
1830  663  
1821  724  
1804  766  
1778  803  
1745  830  
1710  848  
1628  872  
1558  895  
1487  919  
1409  936  
1320  950  
1181  965  
1098  971  
1025  979  
958  984  
888  976  
842  959  
809  930  
794  912  
785  896  
781  881  
781  866  
790  845  
800  832  
810  820  
818  811  
823  806  
827  803  
828  802  
828  803  
826  803  
820  805  
1233  409  
1236  409  
1229  407  
1223  411  
1214  418  
1196  434  
1185  446  
1177  457  
1173  468  
1175  477  
1187  488  
1201  492  
1218  493  
1236  493  
1253  492  
1274  491  
1285  493  
1292  496  

