1846  1092  
1831  1101  
1801  1114  
1778  1123  
1752  1130  
1725  1136  
1696  1142  
1645  1149  
1608  1153  
1567  1156  
1524  1158  
1474  1159  
1393  1163  
1340  1165  
1286  1166  
1232  1167  
1179  1167  
1124  1163  
1039  1153  
1013  1147  
1802  805  
1806  813  
1806  823  
1806  837  
1810  852  
1815  878  
1814  902  
1805  934  
1788  972  
1764  1009  
1735  1041  
1678  1082  
1627  1103  
1570  1122  
1505  1138  
1432  1150  
1326  1157  
1264  1154  
1206  1143  
1153  1121  
1103  1091  
1044  1046  
1023  1016  
1014  982  
1016  942  
1027  904  
1051  879  
1119  851  
1168  834  
1218  819  
1277  809  

