1017  1042  
996  1047  
983  1049  
970  1050  
959  1052  
949  1053  
939  1054  
935  1054  
933  1055  
932  1055  
932  1056  
935  1056  
938  1056  
1283  547  
1291  551  
1306  559  
1326  572  
1361  596  
1387  615  
1414  639  
1443  667  
1474  702  
1514  764  
1529  806  
1532  841  
1526  873  
1514  909  
1479  961  
1439  988  
1396  1011  
1355  1030  
1307  1043  
1253  1047  
1199  1044  
1180  1038  
1168  1031  
1160  1020  
1155  997  
1156  957  
1186  457  
1280  628  
1278  623  
1291  629  
1311  640  
1334  654  
1361  670  
1390  690  
1438  730  
1470  765  
1496  802  
1511  833  
1514  861  
1497  905  
1472  936  
1435  963  
1398  987  
1363  1008  
1296  1028  
1245  1030  
1208  1024  
1186  1015  
1171  1002  
1161  980  
1157  928  
1157  906  
1219  502  
1200  489  
1195  486  

