1146  443  
1151  442  
1156  439  
1159  435  
1161  431  
1159  429  
1156  429  
1151  429  
1144  433  
1136  440  
1135  444  
1136  446  
1140  447  
1144  447  
1148  443  
1148  440  
1146  436  
1142  435  
1533  588  
1535  590  
1537  587  
1547  592  
1555  598  
1565  605  
1577  614  
1592  625  
1619  647  
1638  665  
1658  684  
1675  703  
1691  724  
1710  759  
1719  781  
1726  799  
1728  815  
1728  827  
1724  837  
1710  849  
1694  853  
1669  854  
1633  857  
1594  860  
1549  866  
1524  869  
1498  869  
1468  869  
1437  867  
1414  865  
1393  863  
1387  861  
1388  861  
1496  492  
1493  490  
1491  489  
1488  491  
1485  494  
1483  497  
1481  502  
1481  504  
1483  506  
1485  507  
1488  507  
1492  506  
1494  504  
1496  501  
1496  498  
1496  495  
1495  493  
1494  492  
1494  492  
1494  492  
1494  492  
1494  494  
1494  495  
1762  831  
1757  829  
1750  829  
1736  829  

