1719  830  
1684  829  
1654  828  
1619  828  
1583  830  
1550  833  
1518  835  
1461  834  
1423  828  
1392  820  
1367  809  
1345  796  
1317  773  
1302  755  
1289  736  
1279  715  
1271  694  
1262  662  
1257  640  
1254  620  
1251  600  
1249  582  
1247  567  
1246  547  
1246  537  
1246  530  
1246  527  
1246  527  
1248  530  
1251  539  
1254  554  
1255  572  
1257  591  
1262  623  
1266  646  
1270  670  
1276  693  
1281  717  
1286  739  
1287  771  
1283  789  
1276  803  
1265  815  
1247  825  
1210  840  
1183  852  
1151  864  
1109  873  
1064  875  
1027  874  
977  866  
935  862  
892  862  
861  864  
843  866  
827  868  

