1319  737  
1323  736  
1170  626  
1169  633  
1181  643  
1194  650  
1494  840  
1494  840  
1494  841  
1497  847  
1500  856  
1506  870  
1512  884  
1517  903  
1523  932  
1528  964  
1533  994  
1542  1023  
1547  1035  
1552  1046  
1555  1055  
1555  1064  
1546  1074  
1534  1080  
1516  1085  
1492  1087  
1460  1088  
1404  1092  
1367  1093  
1328  1095  
1284  1096  
1237  1095  
1191  1092  
1123  1089  
1078  1087  
1040  1087  
1011  1087  
990  1087  
971  1085  
965  1081  
967  1079  
1165  818  
1171  824  
1177  826  
1186  826  
1196  822  
1295  801  
1300  805  
1302  805  
1302  805  
1300  803  
1201  707  
1200  709  
1204  713  
1388  820  
1386  819  
1378  812  
1376  810  
1376  810  
1378  813  
1380  816  

