1054  684  
1429  835  
1431  836  
1434  838  
1434  837  
1434  836  
1434  836  
1434  835  
1434  835  
1435  836  
1438  840  
1442  846  
1448  855  
1461  873  
1470  886  
1478  901  
1486  920  
1492  940  
1497  959  
1502  987  
1505  1004  
1506  1017  
1506  1026  
1506  1032  
1503  1039  
1499  1044  
1494  1048  
1486  1051  
1475  1054  
1463  1057  
1439  1062  
1420  1064  
1400  1067  
1378  1071  
1357  1074  
1319  1080  
1290  1082  
1260  1084  
1230  1084  
1201  1084  
1157  1083  
1124  1083  
1088  1082  
1055  1082  
1028  1082  
993  1082  
973  1083  
953  1083  
934  1084  
919  1084  
907  1084  
896  1083  
893  1083  
891  1083  
891  1083  
891  1083  
892  1083  
893  1082  
895  1080  
1021  871  
1022  876  
1033  883  
1043  888  
1055  893  
1066  896  
1078  895  
1181  845  
1188  845  
1196  847  
1205  853  
1210  859  

