1881  809  
1884  790  
1887  777  
1890  766  
1891  759  
1892  757  
1892  759  
1892  766  
1890  777  
1887  791  
1883  806  
1877  826  
1872  838  
1865  850  
1858  862  
1848  872  
1835  882  
1807  894  
1787  901  
1766  905  
1745  907  
1727  905  
1694  898  
1662  895  
1620  894  
1582  896  
1556  899  
1530  903  
1516  903  
1503  903  
1491  901  
1480  900  
1468  898  
1454  897  
1449  895  
1445  895  
1442  895  
1439  895  
1433  895  
1429  895  
1426  896  
1422  897  
1420  897  
1417  898  
1417  898  
1417  898  
1416  898  
1416  898  
1416  898  
1415  898  
1414  898  
1413  898  
1411  898  
1407  898  
1403  898  
1397  898  
1391  898  
1384  897  
1376  896  
1370  896  
1364  894  
1357  893  
1351  891  
1343  888  
1329  883  
1317  880  
1303  877  
1288  874  
1271  871  
1244  867  
1227  865  
1214  863  
1203  861  
1194  859  
1184  853  
1180  848  
1177  842  
1177  834  
1180  826  
1186  818  
1200  805  
1211  796  
1225  788  
1241  782  
1258  776  
1278  771  
1290  770  
1300  768  
1543  689  
1535  690  
1539  681  
1545  671  
1552  657  
1561  641  
1572  625  
1583  612  
1601  600  
1610  601  
1619  608  
1628  620  
1636  633  
1647  651  
1653  659  
1658  666  
1664  671  
1672  678  
1684  693  
1688  699  
2356  798  
2353  795  
2337  798  
2312  805  
2278  815  
2235  826  
2152  841  
2093  847  
2027  852  
1954  864  
1895  882  
1827  900  
1788  901  
1762  894  
1749  882  
1744  868  
1746  843  
1751  827  
1756  814  

