1384  821  
1390  830  
1398  841  
1410  866  
1416  886  
1421  907  
1427  928  
1434  947  
1444  973  
1450  990  
1453  1005  
1455  1016  
1454  1024  
1451  1030  
1439  1037  
1427  1040  
1412  1044  
1394  1047  
1374  1050  
1339  1055  
1307  1058  
1268  1059  
1227  1058  
1189  1056  
1125  1054  
1076  1057  
1032  1062  
997  1069  
964  1073  
933  1076  
897  1076  
883  1075  
875  1073  
872  1070  
872  1066  
1065  762  
1064  752  
1065  759  
1064  772  
1063  787  
1062  799  
1062  809  
1062  812  
1062  813  
1063  813  
1063  807  
1063  795  
1065  771  
1067  755  
1073  741  
1080  729  
1089  720  
1102  713  
1112  712  
1123  716  
1137  723  
1152  733  
1173  751  
1186  764  
1196  778  
1202  790  
1204  793  
1429  820  
1429  819  
1430  819  
1432  820  
1434  821  
1437  823  
1443  830  
1448  837  
1453  845  
1459  855  
1465  866  
1476  884  
1483  898  
1491  914  
1498  932  
1504  950  
1509  970  
1516  998  
1520  1013  
1524  1025  
1528  1036  
1531  1044  
1533  1054  
1535  1060  
1535  1066  
1536  1071  
1536  1074  
1535  1077  
1534  1079  
1530  1081  

