1525  1084  
1516  1087  
1505  1090  
1482  1095  
1460  1098  
1435  1101  
1409  1105  
1382  1109  
1342  1116  
1315  1121  
1285  1124  
1256  1127  
1226  1129  
1183  1131  
1154  1132  
1124  1133  
1093  1135  
1064  1136  
1038  1139  
1004  1141  
984  1143  
965  1144  
948  1145  
933  1147  
914  1149  
904  1149  
895  1149  
888  1149  
882  1149  
875  1149  
870  1149  
867  1149  
863  1149  
859  1149  
855  1149  
849  1149  
844  1149  
840  1149  
836  1149  
832  1149  
827  1147  
825  1145  
822  1143  
819  1139  
816  1133  
814  1126  
808  1112  
805  1102  
800  1092  
795  1081  
789  1069  
779  1050  
772  1036  
765  1022  
759  1007  
754  991  
748  964  
744  946  
742  930  
740  914  
738  901  
737  891  
737  879  
736  874  
734  870  
733  868  
734  865  
734  862  
1083  726  
1086  728  
1087  736  
1088  752  
1087  771  
1083  795  
1081  806  
1079  812  
1078  815  
1077  816  
1077  814  
1079  802  
1082  788  

