2135  744  
2108  793  
2093  799  
2074  800  
2033  800  
1997  798  
1956  798  
1912  801  
1861  804  
1767  806  
1707  804  
1650  803  
1590  804  
1531  807  
1465  807  
1369  800  
1317  791  
1266  782  
1220  774  
1178  764  
1118  748  
1083  738  
1054  728  
1030  717  
1011  705  
992  689  
983  680  
977  670  
973  661  
970  650  
968  640  
966  625  
965  615  
965  605  
966  594  
969  583  
975  570  
981  561  
992  552  
1005  543  
1020  534  
1037  528  
1065  519  
1086  515  
1107  511  
1127  508  
1145  505  
1166  502  
1176  502  
1183  501  
1188  501  
1191  501  
1192  501  
1192  501  
1192  502  
1193  502  
1193  502  
1503  410  
1496  410  
1501  409  
1509  406  
1520  400  
1522  398  
1522  397  
1522  397  
1523  397  
1524  401  
1524  399  
1630  251  
1630  250  
1630  250  
1632  250  
1636  253  
1782  409  
1803  406  
1810  405  
1812  402  
1812  402  
1811  402  
1811  406  
1811  411  
1811  413  
2389  785  
2362  790  
2334  798  
2298  808  
2253  817  
2201  825  
2120  831  
2072  831  

