981  655  
982  655  
983  655  
983  655  
983  655  
982  654  
982  654  
982  654  
982  654  
982  655  
984  659  
983  662  
1549  740  
1548  740  
1548  740  
1548  740  
1548  740  
1549  742  
1550  745  
1552  747  
1554  751  
1556  755  
1560  763  
1562  768  
1565  775  
1567  782  
1569  789  
1571  796  
1572  806  
1572  812  
1572  818  
1570  823  
1566  828  
1558  835  
1550  839  
1540  844  
1528  848  
1512  853  
1479  860  
1448  863  
1416  864  
1386  864  
1359  861  
1328  858  
1263  858  
1220  863  
1187  870  
1157  876  
1121  880  
1063  878  
1033  874  
1010  868  
990  860  
968  854  
931  846  
908  842  
889  839  
873  836  
862  833  
854  829  
846  822  
843  816  
841  810  
841  804  
841  797  
844  785  
848  776  
853  768  
858  760  
864  753  
874  744  
882  740  
889  737  
897  734  
905  731  
912  729  
922  728  
930  728  
937  729  
944  728  
952  728  
1170  719  
1166  716  
1162  717  
1158  720  
1154  724  
1151  730  
1150  732  
1152  733  
1154  734  
1156  733  
1158  731  
1160  729  
1161  727  
1165  727  
1168  725  
1312  720  
1302  727  
1302  730  
1305  730  
1309  730  

