1533  852  
1533  844  
1533  836  
1534  823  
1534  814  
1534  804  
1534  793  
1534  782  
1535  770  
1536  754  
1536  745  
1537  737  
1537  731  
1538  726  
1538  722  
1539  722  
1539  722  
1539  722  
1539  723  
1539  728  
1540  734  
1540  742  
1540  752  
1540  765  
1539  778  
1538  798  
1537  810  
1537  819  
1536  828  
1536  836  
1536  846  
1537  852  
1537  857  
1537  862  
1536  867  
1535  873  
1532  876  
1528  880  
1521  883  
1512  888  
1499  891  
1469  893  
1441  894  
1415  894  
1391  891  
1370  887  
1332  880  
1294  877  
1249  879  
1212  884  
1186  891  
1146  899  
1113  903  
1077  905  
1047  905  
1025  905  
1007  903  
982  900  
963  900  
945  900  
930  902  
919  905  
909  908  
905  910  
903  909  
1227  709  
1230  713  
1228  711  
1224  708  
1222  710  
1220  712  
1218  716  
1217  718  
1218  719  
1220  720  
1223  720  
1227  720  
1227  718  
1227  716  
1227  713  
1226  711  
1225  709  
1225  709  
1225  710  
1227  714  
1225  714  
1361  713  
1364  710  
1365  709  
1364  709  
1362  708  
1359  709  
1356  711  
1353  715  
1353  718  
1353  722  
1356  724  
1359  724  
1362  721  
1363  718  
1363  715  
1363  713  
1363  712  
1362  715  
1360  715  
1293  601  
1294  598  
1294  598  
1293  598  
1291  598  
1289  599  
1288  602  
1288  605  
1291  608  
1294  611  
1297  611  
1301  610  
1302  609  
1302  606  
1301  605  
1299  603  
1293  603  
1290  603  
1289  604  
1289  607  
1290  609  
1294  611  
1298  611  
1299  609  
1300  609  
1297  606  
1717  868  
1716  870  
1715  871  
1710  871  
1699  871  
1687  870  
1669  869  
1646  869  
1616  870  
1571  876  
1547  884  

