1653  712  
1655  716  
1658  720  
1662  725  
1666  731  
1672  740  
1676  747  
1679  755  
1683  765  
1686  775  
1691  789  
1694  799  
1696  807  
1698  815  
1699  822  
1700  832  
1699  838  
1695  843  
1690  848  
1681  852  
1669  855  
1643  861  
1619  866  
1592  872  
1568  880  
1548  889  
1515  903  
1485  911  
1445  918  
1404  923  
1370  927  
1306  937  
1246  944  
1196  949  
1158  952  
1112  952  
1062  952  
1005  950  
965  946  
909  937  
860  928  
831  919  
798  907  
771  899  
741  891  
712  882  
691  872  
669  855  
655  844  
643  833  
631  822  
620  810  
611  798  
602  779  
600  764  
600  750  
602  737  
608  725  
622  706  
634  693  
647  684  
661  677  
678  672  
705  669  
726  671  
750  673  
1108  674  
1113  677  
1114  675  
1114  675  
1114  676  
1114  676  
1114  676  
1114  675  
1114  675  
1114  675  
1114  675  
1114  675  
1114  675  
1114  675  
1114  675  
1115  675  
1115  675  
1115  675  
1330  682  
1330  684  
1331  685  
1331  685  
1331  685  
1330  684  
1330  684  
1330  683  
1329  683  
1329  683  
1330  684  
1329  683  
1327  680  
1219  609  
1220  611  
1215  608  
1214  608  
1213  609  
1212  609  
1212  610  
1212  610  

