1087  771  
1094  755  
1102  742  
1114  728  
1123  722  
1133  720  
1144  725  
1157  737  
1179  760  
1193  776  
1208  792  
1219  802  
1514  806  
1515  806  
1512  802  
1512  802  
1512  802  
1512  802  
1513  802  
1515  804  
1520  813  
1524  822  
1528  832  
1531  843  
1535  854  
1540  870  
1542  881  
1545  896  
1546  916  
1547  940  
1547  965  
1541  996  
1533  1010  
1519  1018  
1498  1024  
1465  1029  
1402  1040  
1363  1049  
1318  1058  
1262  1063  
1207  1064  
1129  1066  
1075  1068  
1026  1071  
985  1074  
945  1074  
907  1071  
862  1063  
844  1057  
832  1052  
824  1047  
818  1042  
812  1032  
809  1024  
806  1012  
803  999  
800  982  
794  951  
791  927  
788  902  
788  883  
788  867  
790  853  
795  835  
963  811  
968  813  
973  815  
980  818  
991  822  
1186  816  
1203  823  
1216  828  
1226  831  
1235  833  
1246  833  
1250  833  
1045  674  
1035  670  
1035  671  
1044  679  

