1195  654  
1199  638  
1211  617  
1224  605  
1239  596  
1257  591  
1277  592  
1311  602  
1336  611  
1363  619  
1394  626  
1427  632  
1461  639  
1513  648  
1548  653  
1582  656  
1615  658  
1646  658  
1690  658  
1717  656  
1743  654  
1764  651  
1780  649  
1792  645  
1792  643  
1788  641  
1777  640  
1761  640  
1740  643  
1697  650  
1662  658  
1627  667  
1594  679  
1563  693  
1511  721  
1470  740  
1428  760  
1390  778  
1361  796  
1326  822  
1304  841  
1283  869  
1266  920  
1261  982  
1266  1024  
1281  1061  
1293  1080  
1309  1097  
1330  1110  
1355  1120  
1401  1131  
1436  1132  
1472  1123  
1503  1107  
1526  1090  
1551  1069  
1564  1057  
1571  1043  
1557  869  
1560  874  
1561  875  
1563  877  
1567  878  
1364  829  
1364  828  
1362  827  
1362  826  
1362  826  
1361  824  
1361  822  
1361  819  
1360  815  
1360  808  
1360  802  

