1362  791  
1365  784  
1370  777  
1377  770  
1386  764  
1404  757  
1419  754  
1436  753  
1454  756  
1475  761  
1509  771  
1531  777  
1553  783  
1575  790  
1599  797  
1626  805  
1670  819  
1699  829  
1726  840  
1755  851  
1791  861  
1847  871  
1877  875  
1902  875  
1929  876  
1963  879  
2023  888  
2054  895  
2076  900  
2092  903  
2104  904  
2114  904  
2127  904  
2131  904  
2133  904  
2133  904  
2128  902  
2113  899  
2101  897  
2086  897  
2069  897  
2045  899  
1989  904  
1951  912  
1924  923  
1904  936  
1884  948  
1862  959  
1815  973  
1780  984  
1752  998  
1729  1013  
1706  1029  
1659  1051  
1623  1062  
1591  1071  
1565  1079  
1540  1085  
1514  1092  
1464  1101  
1427  1105  
1393  1106  
1363  1107  

