1200  1095  
1197  1093  
1196  1094  
1194  1095  
1194  1096  
1194  1096  
1196  1095  
1197  1094  
1198  1093  
1199  1093  
1198  1091  
1622  773  
1624  776  
1620  779  
1612  784  
1599  791  
1575  798  
1556  803  
1534  810  
1506  816  
1470  821  
1428  824  
1370  822  
1335  819  
1297  816  
1256  814  
1219  814  
1172  814  
1141  814  
1115  816  
1092  814  
898  698  
888  682  
890  664  
896  655  
907  646  
922  637  
941  631  
964  626  
1002  624  
1029  626  
1055  632  
1079  641  
1102  653  
1128  673  
1139  689  
1144  708  
1144  729  
1136  752  
1114  789  
1090  812  
1062  832  
1036  849  
1015  868  
998  893  
967  958  
944  1006  
931  1038  
929  1060  
935  1082  
953  1116  
973  1138  
997  1157  
1026  1172  
1061  1183  
1100  1187  
1156  1185  
1189  1179  
1217  1171  

