2356  819  
2337  824  
2311  831  
2279  838  
2237  846  
2158  855  
2102  857  
2037  856  
1957  864  
1882  882  
1768  896  
1693  896  
1608  901  
1534  912  
1473  917  
1411  910  
1350  884  
1316  865  
1283  850  
1259  836  
1249  823  
1255  797  
1273  776  
1303  756  
1344  742  
1395  734  
1484  728  
1541  729  
1591  735  
1635  746  
1671  760  
1698  777  
1721  801  
1725  815  
1719  826  
1702  836  
1673  844  
1601  858  
1552  872  
1504  885  
1444  893  
1388  893  
1310  891  
1236  902  
1174  922  
1110  940  
1042  955  
979  974  
865  991  
821  990  
792  987  
768  983  

