1222  1063  
1253  1068  
1286  1068  
1331  1057  
1353  1046  
1369  1033  
1383  1019  
1390  1001  
1311  826  
1315  832  
1326  839  
1334  843  
1511  813  
1509  810  
1509  807  
1509  802  
1508  793  
1508  772  
1510  755  
1513  739  
1518  725  
1525  714  
1534  707  
1549  705  
1561  712  
1574  723  
1593  737  
1616  753  
1654  780  
1680  800  
1706  820  
1734  838  
1765  853  
1820  866  
1853  868  
1876  868  
1892  864  
1903  861  
1908  859  
1905  859  
1894  864  
1877  872  
1853  884  
1818  896  
1756  919  
1722  935  
1681  953  
1622  971  
1570  983  
1522  991  
1488  994  
1449  997  

