1160  775  
1146  814  
1136  847  
1132  877  
1135  911  
1147  963  
1162  992  
1181  1015  
1206  1033  
1238  1045  
1294  1055  
1330  1057  
1359  1057  
1388  1055  
1404  1054  
1380  834  
1381  837  
1378  840  
1376  842  
1375  845  
1376  846  
1378  847  
1381  847  
1384  846  
1387  846  
1388  845  
1115  248  
1110  251  
1118  254  
1134  260  
1150  264  
1170  267  
1193  270  
1221  273  
1267  278  
1300  281  
1333  283  
1365  286  
1396  288  
1436  290  
1458  292  
1476  293  
1488  294  
1495  296  
1496  297  
1490  300  
1476  303  
1457  308  
1431  316  
1398  328  
1340  355  
1302  379  
1266  409  
1231  443  
1201  482  
1164  548  
1146  594  
1134  639  
1130  686  
1133  734  
1145  780  
1173  828  
1193  846  
1220  858  
1262  870  

