1117  654  
1113  655  
1129  655  
1149  654  
1173  653  
1200  652  
1230  650  
1262  649  
1314  647  
1350  646  
1386  644  
1421  643  
1453  641  
1489  640  
1506  640  
1517  640  
1525  641  
1529  643  
1530  644  
1529  645  
1526  648  
1519  651  
1509  655  
1494  660  
1465  670  
1442  678  
1420  691  
1398  710  
1373  737  
1333  789  
1306  820  
1279  849  
1254  894  
1237  958  
1235  1031  
1245  1057  
1259  1079  
1277  1104  
1300  1129  
1326  1149  
1371  1165  
1405  1165  
1442  1160  
1478  1153  
1509  1144  
1549  1127  
1448  939  
1433  944  
1427  944  
1428  950  
1435  958  
1446  967  
1454  973  
1213  737  
1210  745  
1207  743  
1207  741  
1205  735  
1202  725  
1197  704  
1194  688  
1193  671  

