1416  998  
1393  999  
1379  1001  
1368  999  
1651  1050  
1652  1051  
1652  1053  
1651  1056  
1502  805  
1516  811  
1535  816  
1556  822  
1580  826  
1626  832  
1663  838  
1699  848  
1732  860  
1767  869  
1809  875  
1862  878  
1884  880  
1899  882  
1911  885  
1918  888  
1918  894  
1912  900  
1899  908  
1882  917  
1858  923  
1797  927  
1752  927  
1713  924  
1664  925  
1601  932  
1548  941  
1483  951  
1431  954  
1387  958  
1354  962  
1318  966  
1252  971  
1220  972  
1203  972  
1195  972  
1193  973  
1200  977  
1205  976  
1578  1027  
1587  1026  
1587  1026  
1588  1026  
1586  1025  
1581  1024  

