1313  882  
1366  892  
1390  888  
1411  877  
1377  600  
1372  602  
1372  604  
1373  607  
1375  610  
1375  609  
1061  535  
1061  531  
1062  526  
1066  520  
1073  506  
1077  493  
1081  479  
1085  463  
1090  446  
1098  419  
1106  401  
1114  385  
1122  372  
1131  362  
1146  353  
1158  350  
1170  351  
1182  355  
1197  361  
1213  369  
1242  383  
1265  392  
1288  399  
1312  405  
1336  410  
1366  414  
1383  416  
1394  416  
1401  417  
1403  418  
1401  419  
1386  426  
1369  435  
1347  450  
1317  472  
1283  502  
1232  556  
1202  600  
1175  652  
1152  715  
1136  784  
1121  869  
1121  926  
1129  982  
1147  1025  
1172  1054  
1202  1077  
1262  1097  
1307  1101  
1349  1099  
1388  1091  
1430  1080  
1448  1071  
1324  818  
1336  824  
1339  825  

