1316  728  
1324  725  
1325  723  
1325  721  
1321  720  
1316  720  
1309  720  
1306  722  
1306  722  
1306  723  
1309  725  
1312  724  
1312  720  
1237  637  
1240  639  
1238  636  
1236  637  
1233  641  
1231  644  
1230  647  
1230  649  
1232  651  
1236  652  
1238  651  
1241  649  
1243  646  
1244  644  
1244  643  
1244  643  
1240  643  
1237  643  
1245  18  
1245  57  
1245  101  
1234  165  
1229  190  
1145  518  
1141  513  
1136  510  
1129  506  
1120  501  
1109  496  
1092  484  
1081  475  
1070  465  
1061  453  
1053  438  
1047  423  
1044  397  
1047  379  
1055  361  
1070  343  
1089  326  
1126  305  
1155  294  
1188  286  
1226  281  
1267  280  
1329  287  
1367  297  
1402  310  
1431  326  
1452  343  
1464  362  
1470  392  
1465  415  
1453  441  
1433  468  
1406  496  
1354  541  
1317  572  
1280  603  
1246  637  
1217  672  
1179  733  

