1262  642  
1265  636  
1268  622  
1273  615  
1280  606  
1290  594  
1302  583  
1320  569  
1334  563  
1347  561  
1360  562  
1373  567  
1395  580  
1411  593  
1430  608  
1450  624  
1473  642  
1498  661  
1540  686  
1570  701  
1602  715  
1633  726  
1665  734  
1710  740  
1737  742  
1759  742  
1777  740  
1790  737  
1798  733  
1799  733  
1798  733  
1791  736  
1776  741  
1758  747  
1725  760  
1700  769  
1672  779  
1640  790  
1603  802  
1543  820  
1497  832  
1440  839  
1386  841  
1337  840  
1280  840  
1191  852  
1137  861  
1078  864  
1028  860  
989  854  
929  846  
894  844  
869  845  
851  845  
1466  950  
1462  947  
1458  947  
1454  949  
1450  953  
1447  960  
1447  964  
1451  966  
1457  968  
1464  968  
1472  967  
1476  967  
1471  965  
1799  823  
1803  822  
1809  822  
1811  823  
1811  823  
1810  823  
1807  823  
1803  823  
1797  825  
1790  827  
1775  830  
1761  833  
1747  834  
1733  835  
1718  835  
1691  835  
1669  835  
1644  834  
1616  835  
1588  837  
1551  842  
1524  847  
1493  851  
1459  854  
1426  854  
1398  853  
1368  847  
1353  843  
1339  840  
1326  837  
1314  835  
1311  834  
1052  746  
1078  722  
1092  711  
1106  699  

