2097  894  
2109  877  
2120  860  
2124  851  
2125  843  
2123  834  
2119  827  
1586  875  
1587  870  
1591  867  
1592  872  
1029  613  
1041  601  
1064  599  
1094  599  
1132  599  
1176  599  
1257  596  
1322  596  
1394  600  
1469  607  
1542  616  
1641  629  
1702  638  
1756  647  
1802  655  
1836  663  
1864  675  
1867  682  
1858  691  
1832  702  
1788  714  
1737  724  
1650  735  
1587  742  
1517  751  
1435  760  
1351  769  
1230  783  
1146  797  
1061  808  
986  814  
920  820  
858  830  
778  847  
722  854  
678  856  
651  856  
634  853  
619  850  
616  850  
617  850  
622  850  
636  850  

