1299  705  
1298  704  
1119  916  
1119  916  
1119  915  
1117  913  
1272  685  
1272  675  
1275  658  
1282  643  
1295  615  
1305  594  
1316  571  
1326  547  
1338  523  
1355  493  
1368  476  
1382  464  
1396  457  
1412  455  
1443  460  
1467  469  
1494  483  
1520  501  
1546  523  
1570  547  
1603  587  
1623  615  
1638  645  
1648  674  
1654  703  
1650  747  
1639  773  
1619  794  
1590  812  
1557  827  
1500  844  
1454  850  
1409  850  
1375  844  
1348  835  
1322  825  
1287  804  
1271  787  
1260  767  
1255  743  
1254  717  
1262  679  
1271  654  
1283  633  
1299  616  
1317  602  
1337  592  
1371  584  
1394  584  
1416  588  
1436  596  
1454  607  
1473  626  
1479  641  
1481  657  
1479  673  
1472  690  
1449  715  
1425  730  
1395  743  

