965  875  
977  840  
988  818  
1002  792  
1019  761  
1037  732  
1055  706  
1078  678  
1090  666  
1098  659  
1100  657  
1099  657  
1089  660  
1072  667  
1048  676  
1020  687  
988  701  
938  724  
901  741  
863  760  
825  782  
783  804  
738  824  
685  847  
667  861  
658  876  
656  893  
659  912  
674  939  
690  948  
716  949  
756  943  
791  930  
829  896  
864  869  
911  846  
915  834  
919  834  
923  834  
927  834  
932  833  
938  832  
947  830  
953  829  
958  828  
963  828  
967  828  
972  827  
976  828  
976  827  
913  835  
917  831  
918  831  
916  832  
912  833  
906  835  
898  837  
891  839  
884  841  
883  841  
884  841  
887  839  
892  837  
901  834  
905  831  
910  830  
913  829  
915  828  
915  828  
914  830  
910  832  
905  835  
900  838  
896  841  
893  841  
1669  885  
1671  886  
1665  888  
1647  897  
1610  914  
1550  948  
1514  967  
1462  986  
1400  1007  
1341  1029  
1241  1052  
1180  1061  
1124  1071  
1070  1079  
1028  1086  

