1393  837  
1378  836  
1367  836  
1359  839  
1351  842  
1340  852  
1331  861  
1317  875  
1297  898  
1269  933  
1222  986  
1199  1011  
1176  1030  
1148  1050  
1114  1070  
1079  1090  
1036  1115  
1014  1129  
997  1138  
985  1142  
977  1142  
974  1137  
976  1128  
984  1114  
997  1098  
1013  1080  
1045  1050  
1071  1029  
1102  1008  
1132  987  
1156  963  
1176  934  
1206  885  
1230  861  
1255  845  
1275  834  
1289  824  
1306  813  
1314  807  
1319  803  
1321  802  
1321  801  
1317  803  
1298  810  
1275  816  
1247  824  
1215  834  
1185  846  
1135  865  
1091  873  
1050  876  
1018  876  
987  873  
918  871  
867  876  
830  885  
796  891  
1621  814  
1624  811  
1627  813  
1626  813  
1622  814  
1613  815  
1592  820  
1574  824  
1553  828  
1531  833  
1506  837  
1461  839  
1431  839  
1408  835  
1392  830  
1382  824  
1375  813  
1373  805  
1372  798  
1371  792  
1370  788  
1367  786  
1359  788  
1348  793  
1334  800  
1317  808  
1294  817  
1246  835  
1212  853  
1183  877  
1155  909  
1123  943  
1072  989  
1045  1020  
1023  1048  
1006  1073  
994  1097  
987  1119  
988  1145  
995  1154  
1004  1158  
1017  1157  
1032  1151  
1060  1130  
1085  1108  
1110  1084  
1134  1058  
1154  1032  
1177  987  
1188  949  
1201  906  
1218  870  
1239  847  
1260  830  
1280  811  

