1361  755  
1324  766  
1280  774  
1204  787  
1147  797  
1081  802  
1022  800  
994  796  
1715  819  
1712  816  
1712  811  
1712  804  
1713  797  
1714  788  
1717  778  
1719  765  
1725  746  
1729  735  
1734  726  
1739  718  
1744  713  
1750  709  
1758  708  
1767  711  
1777  716  
1788  724  
1801  736  
1821  757  
1833  773  
1842  789  
1848  805  
1851  819  
1845  836  
1834  845  
1816  851  
1794  856  
1773  857  
1756  855  
1739  850  
1732  845  
1727  839  
1725  832  
1725  825  
1731  813  
1737  805  
1744  798  
1753  794  
1761  792  
1770  794  
1775  797  
1778  802  
1779  808  
1778  813  
1773  818  
1762  824  
1750  828  
1736  830  
1720  830  
1701  830  
1665  828  
1637  828  

