1651  1030  
1623  1028  
1598  1025  
1576  1019  
1569  1015  
1566  1012  
1564  1008  
1564  1002  
1565  986  
1567  970  
1571  950  
1577  925  
1585  898  
1599  870  
1607  856  
1613  845  
1617  835  
1618  826  
1619  816  
1616  801  
1612  791  
1605  781  
1596  773  
1585  767  
1566  761  
1551  758  
1533  757  
1512  757  
1488  759  
1447  764  
1417  768  
1388  772  
1360  777  
1335  784  
1315  791  
1291  803  
1280  810  
1272  818  
1269  825  
1269  832  
1280  841  
1296  847  
1315  855  
1335  862  

