1318  483  
1323  469  
1324  460  
1320  454  
1311  454  
1296  459  
1274  467  
1249  477  
1205  496  
1173  511  
1139  527  
1103  545  
1066  565  
1031  585  
993  616  
979  635  
975  652  
980  668  
994  681  
1033  695  
1069  700  
1110  698  
1153  691  
1191  681  
1242  657  
1257  648  
1487  709  
1470  715  
1451  715  
1429  713  
1407  708  
1387  701  
1363  686  
1352  674  
1346  661  
1345  646  
1348  630  
1355  613  
1372  590  
1387  577  
1404  568  
1421  562  
1439  561  
1465  566  
1482  575  
1496  588  
1507  604  
1515  622  

