1770  1091  
1721  1097  
1651  1106  
1601  1113  
1551  1118  
1502  1122  
1455  1123  
1419  1122  
1387  1112  
1376  1102  
1372  1091  
1374  1077  
1382  1061  
1406  1036  
1426  1021  
1450  1008  
1476  996  
1500  988  
1529  981  
1543  982  
1553  988  
1561  998  
1566  1010  
1568  1020  
1563  1035  
1553  1045  
1536  1054  
1513  1062  
1481  1069  
1423  1074  
1388  1075  
1358  1074  
1333  1070  
1312  1065  
1288  1056  
1277  1051  
1270  1048  
1267  1046  
1267  1045  
1267  1045  
1268  1046  
1270  1050  
1272  1057  
1274  1066  
1275  1076  
1276  1091  
1275  1101  
1272  1111  
1264  1121  
1252  1131  
1222  1140  
1195  1144  
1162  1147  
1127  1148  
1093  1149  
1064  1151  
1032  1154  
1023  1154  
1879  1186  
1879  1188  
1875  1189  
1868  1191  
1856  1192  
1840  1195  
1817  1198  
1776  1205  
1746  1209  
1714  1213  
1678  1218  
1642  1223  
1591  1228  
1561  1231  
1530  1235  
1499  1238  
1467  1240  
1424  1244  
1400  1245  
1381  1245  
1366  1245  

