817  737  
842  710  
870  689  
919  665  
1727  849  
1727  851  
1718  852  
1704  854  
1684  856  
1653  859  
1614  863  
1559  876  
1528  885  
1495  891  
1454  893  
1414  892  
1384  886  
1348  872  
1323  862  
1296  853  
1272  846  
1255  839  
1240  827  
1235  818  
1231  809  
1229  798  
1228  786  
1228  769  
1229  758  
1231  750  
1234  745  
1236  743  
1239  742  
1249  749  
1259  756  
1271  766  
1282  776  
1292  786  
1301  800  
1301  808  
1297  814  
1288  820  
1275  824  
1259  826  
1231  828  
1216  827  
1203  824  
1193  819  
1185  813  
1177  804  
1173  797  
1170  791  
1169  787  
1169  784  
1169  785  
1172  790  
1176  798  
1181  810  
1186  823  
1190  837  
1195  861  
1196  882  
1196  911  
1194  945  
1189  974  
1174  1002  
1155  1014  
1127  1020  
1090  1024  
1053  1026  
1010  1025  
986  1020  
957  1006  
923  979  
894  938  
875  899  
868  859  
873  839  
882  821  
893  801  
909  778  
941  743  
969  725  
1001  710  
1552  863  
1554  860  
1554  855  
1554  851  

