1132  1046  
1093  1054  
1053  1060  
1019  1062  
973  1057  
940  1049  
904  1034  
871  1008  
846  966  
825  899  
817  867  
810  840  
806  809  
804  770  
805  730  
816  678  
829  649  
847  623  
868  598  
878  584  
1403  791  
1404  776  
1413  744  
1418  725  
1424  703  
1431  680  
1440  659  
1453  628  
1462  609  
1471  591  
1481  576  
1491  563  
1501  554  
1518  547  
1531  548  
1546  555  
1562  565  
1577  580  
1597  607  
1608  627  
1616  650  
1618  673  
1615  696  
1601  731  
1586  752  
1568  770  
1547  783  
1524  792  
1500  797  
1460  794  
1434  786  
1413  773  
1397  756  
1384  737  
1370  704  
1362  681  
1357  660  
1353  639  
1350  621  
1349  598  
1348  588  
1348  583  
1348  583  
1349  588  
1350  600  
1350  629  
1350  654  
1349  685  
1348  720  
1347  761  
1346  817  
1345  847  
1341  879  
1329  926  
1305  979  
1250  1028  
1215  1042  
1181  1051  
1144  1056  
1098  1057  
1053  1056  
1004  1048  
977  1039  

