1668  980  
1641  992  
1612  1001  
1585  1009  
1553  1016  
1533  1020  
1510  1023  
1482  1026  
1449  1029  
1404  1032  
1382  1033  
1367  1031  
1357  1026  
1350  1018  
1348  1005  
1350  975  
1355  948  
1363  920  
1371  895  
1384  877  
1414  857  
1439  846  
1465  838  
1488  832  
1504  831  
1520  834  
1527  839  
1530  845  
1530  852  
1525  862  
1517  874  
1496  894  
1473  909  
1445  923  
1417  934  
1393  942  
1365  948  
1349  947  
1332  939  
1314  922  
1298  900  
1281  872  
1274  859  
1269  850  
1267  843  
1267  838  
1267  834  
1267  831  
1268  831  
1269  832  
1272  835  
1276  840  
1283  851  
1288  860  
1293  869  
1296  879  
1296  891  
1292  914  
1283  928  
1266  938  
1243  946  
1217  951  
1196  953  
1164  954  
1137  954  
1101  954  
1063  955  
1033  956  
1001  960  
982  964  
959  966  
936  967  

