947  1024  
912  993  
883  945  
859  878  
857  850  
859  823  
864  791  
872  753  
891  695  
910  661  
936  633  
965  608  
1724  897  
1726  894  
1726  883  
1727  874  
1729  864  
1733  845  
1737  832  
1742  817  
1750  800  
1759  781  
1775  752  
1785  739  
1795  730  
1805  726  
1816  725  
1829  731  
1850  748  
1864  766  
1880  785  
1895  804  
1927  841  
1936  855  
1942  868  
1942  883  
1936  902  
1919  932  
1904  944  
1888  950  
1870  953  
1845  953  
1813  950  
1768  940  
1747  929  
1733  915  
1722  899  
1712  885  
1698  866  
1689  856  
1680  846  
1674  839  
1668  833  
1663  826  
1661  825  
1661  824  
1661  825  
1663  828  
1666  833  
1673  844  
1678  853  
1682  863  
1684  874  
1684  886  
1674  913  
1657  935  
1630  954  
1596  968  
1565  979  
1539  985  
1494  991  
1450  996  
1402  1003  
1361  1012  
1315  1021  
1235  1023  
1194  1019  
1163  1016  
1132  1016  
1101  1016  
1064  1018  
1050  1021  
1041  1025  
1037  1025  
1856  856  

