1812  802  
1801  803  
1785  805  
1764  805  
1740  807  
1715  807  
1673  808  
1639  810  
1601  814  
1563  819  
1526  825  
1459  831  
1413  832  
1377  830  
1347  827  
1319  823  
1292  819  
1261  812  
1246  806  
1237  798  
1232  787  
1230  774  
1230  749  
1232  730  
1234  710  
1236  691  
1239  675  
1244  654  
1248  642  
1251  635  
1254  632  
1258  632  
1264  635  
1277  646  
1287  659  
1297  674  
1305  691  
1309  709  
1309  737  
1305  755  
1297  770  
1284  781  
1268  790  
1238  796  
1219  797  
1202  794  
1187  788  
1174  778  
1162  764  
1148  741  
1140  726  
1134  713  
1129  702  
1126  694  
1123  689  
1123  689  
1123  695  
1127  706  
1131  722  
1141  756  
1148  782  
1154  807  
1159  830  
1159  853  
1156  877  
1145  921  
1133  951  
1113  976  
1086  997  
1055  1014  
1010  1033  
977  1041  
936  1042  
891  1035  
855  1022  
821  986  
803  956  
788  925  
777  896  
769  870  
768  844  
781  802  
797  769  

