1278  646  
1277  644  
1274  641  
1273  639  
1335  637  
1333  638  
1332  638  
1332  640  
1332  641  
1333  642  
1336  643  
1339  643  
1341  642  
1342  642  
1342  641  
1341  640  
1340  638  
1338  635  
1302  576  
1303  578  
1300  576  
1300  578  
1299  581  
1298  582  
1298  583  
1299  584  
1300  584  
1303  584  
1305  584  
1305  583  
1305  582  
1301  581  
1296  579  
1357  779  
1356  769  
1357  761  
1359  750  
1361  736  
1364  719  
1370  692  
1374  674  
1377  655  
1382  637  
1387  618  
1399  592  
1408  577  
1417  566  
1427  557  
1437  552  
1449  551  
1468  559  
1482  570  
1496  584  
1510  601  
1522  620  
1536  652  
1540  675  
1541  699  
1536  724  
1527  746  
1501  776  
1476  791  
1445  800  
1415  803  
1388  801  
1364  794  
1336  776  
1319  759  
1306  739  
1296  717  
1287  694  
1277  661  
1272  640  
1268  622  
1265  606  
1262  594  
1260  586  
1259  582  
1259  583  
1260  590  
1263  604  
1266  622  
1270  657  
1272  685  
1274  718  
1275  753  
1275  787  
1270  829  
1261  854  
1246  888  
1226  938  
1208  984  
1192  1011  
1161  1035  

