1124  1244  
1073  1244  
1035  1244  
1006  1246  
1002  1244  
1527  1181  
1528  1157  
1531  1138  
1537  1113  
1548  1076  
1557  1055  
1568  1039  
1585  1027  
1611  1019  
1641  1015  
1677  1020  
1691  1029  
1700  1039  
1702  1050  
1698  1063  
1674  1081  
1646  1088  
1611  1090  
1573  1089  
1540  1084  
1493  1075  
1462  1069  
1437  1064  
1424  1061  
1419  1061  
1421  1062  
1436  1069  
1457  1078  
1480  1091  
1502  1110  
1519  1137  
1536  1181  
1542  1207  
1540  1230  
1528  1252  
1505  1271  
1444  1289  
1390  1291  
1333  1283  
1277  1264  
1222  1241  
1174  1216  
1127  1181  
1116  1163  
1121  1145  
1142  1131  
1946  1070  
1940  1069  
1930  1066  
1919  1068  
1891  1074  
1862  1079  
1820  1085  

