1463  781  
1478  760  
1493  742  
1518  720  
1535  706  
1554  694  
1575  685  
1597  679  
1632  675  
1654  675  
1676  676  
1697  680  
1717  685  
1744  696  
1761  707  
1777  717  
1789  728  
1800  738  
1810  750  
1821  769  
1826  781  
1828  791  
1829  799  
1827  806  
1821  813  
1813  817  
1801  821  
1786  825  
1767  827  
1739  828  
1721  828  
1704  827  
1684  826  
1662  825  
1637  826  
1598  829  
1575  831  
1556  835  
1537  838  
1516  841  
1480  844  
1453  845  
1427  845  
1405  845  
1385  843  
1361  840  
1345  838  
1326  836  
1306  835  
1285  835  
1263  835  
1233  837  
1218  839  
1205  841  
1194  843  
1183  845  
1169  848  
1161  849  
1153  851  
1146  852  
1140  853  
1133  853  
1131  853  
1130  853  
1129  852  
1129  852  
1129  852  
1130  855  
1132  859  
1135  865  
1137  874  
1140  884  
1141  902  
1141  919  
1137  935  
1132  950  
1125  964  
1105  983  
1084  995  
1063  1005  
1044  1015  
1024  1023  

