1848  856  
1830  856  
1808  858  
1769  860  
1742  860  
1715  858  
1682  856  
1637  856  
1569  867  
1538  875  
1511  882  
1482  886  
1453  886  
1422  884  
1411  879  
1405  873  
1403  865  
1404  856  
1409  846  
1420  828  
1430  813  
1440  796  
1450  775  
1459  753  
1472  725  
1478  708  
1484  695  
1489  687  
1495  682  
1508  681  
1519  684  
1532  690  
1547  700  
1561  711  
1574  723  
1588  741  
1592  754  
1592  767  
1585  781  
1572  793  
1543  810  
1517  820  
1486  829  
1450  836  
1414  840  
1372  841  
1350  838  
1330  834  
1312  829  
1296  823  
1284  816  
1271  803  
1265  793  
1261  782  
1257  772  
1255  764  
1253  755  
1252  753  
1252  752  
1252  753  
1251  757  
1251  764  
1250  777  
1249  787  
1247  797  
1243  806  
1236  815  
1220  827  
1206  835  
1189  843  
1170  851  
1145  859  
1093  866  
1055  866  
1024  864  
994  860  
958  856  
913  855  
855  862  
829  867  
808  871  
788  872  
769  873  
745  872  
731  872  
1814  805  
1816  805  

