1819  1096  
1842  1095  
1858  1094  
1869  1094  
1877  1094  
1878  1094  
1878  1094  
1878  1094  
1878  1094  
1876  1094  
1875  1094  
1874  1094  
1874  1094  
1873  1092  
2362  700  
2367  698  
2353  704  
2331  710  
2300  719  
2259  728  
2208  737  
2113  751  
2047  763  
1978  776  
1902  794  
1815  812  
1691  826  
1617  834  
1551  847  
1498  858  
1447  863  
1411  860  
1390  848  
1391  836  
1405  818  
1433  792  
1471  757  
1532  703  
1569  675  
1603  651  
1632  632  
1654  620  
1672  611  
1674  610  
1667  613  
1650  621  
1620  635  
1581  654  
1508  694  
1453  726  
1403  762  
1367  795  
1346  820  
1335  842  
1339  853  
1350  862  
1368  866  
1398  864  
1441  857  
1510  839  
1546  827  
1573  818  
1593  812  
1603  811  
1604  814  
1592  822  
1568  834  
1533  849  
1482  867  

