1607  1012  
1564  1003  
1528  988  
1508  977  
1490  967  
1472  955  
1455  942  
1442  917  
1440  900  
1444  884  
1454  869  
1470  854  
1487  840  
1513  824  
1530  816  
1546  812  
1562  811  
1577  816  
1598  826  
1609  834  
1617  843  
1623  853  
1626  866  
1622  895  
1614  932  
1606  972  
1598  1005  
1591  1028  
1586  1043  
1575  1063  
1566  1076  
1555  1091  
1542  1107  
1528  1126  
1446  1201  
1425  1215  
1392  1232  
1369  1242  
1344  1251  
1318  1259  
1291  1266  
1264  1272  
1223  1276  
1195  1278  
1166  1280  
1135  1281  
1104  1283  

