2005  886  
1947  909  
1898  935  
1849  951  
1788  958  
1699  966  
1621  968  
1546  964  
1483  960  
1413  958  
1320  952  
1248  942  
1192  929  
1157  914  
1122  899  
1075  876  
1057  860  
1049  843  
1049  826  
1056  807  
1069  786  
1097  753  
1118  735  
1141  721  
1165  709  
1187  702  
1216  699  
1233  699  
1243  699  
2053  877  
2052  876  
2057  878  
2067  878  
2077  878  
2088  879  
2103  881  
2121  882  
2158  884  
2189  885  
2223  887  
2256  887  
2286  886  
2314  885  
2352  883  
2374  881  
2394  880  
2412  880  
2427  879  
2443  879  
2451  879  
2457  878  
2462  877  
2467  876  
2475  876  
2479  877  
2481  880  
2477  880  
1817  621  
1809  626  
1807  632  
1807  635  
1809  635  
1816  634  
1821  631  
1826  630  
1830  629  
1833  629  
1833  631  

