1345  836  
1342  838  
1340  841  
1356  798  
1354  803  
1355  813  
1355  818  
1358  820  
1362  820  
1368  815  
1378  807  
1398  786  
1414  765  
1430  739  
1447  711  
1464  683  
1478  658  
1492  629  
1496  617  
1496  610  
1496  607  
1494  605  
1488  605  
1483  607  
1474  609  
1465  612  
1455  615  
1446  620  
1443  622  
1442  624  
1442  626  
1443  627  
1445  628  
1448  630  
1452  632  
1452  631  
1600  436  
1596  435  
1592  442  
1595  479  
1600  518  
1604  569  
1606  629  
1606  704  
1604  824  
1600  897  
1607  994  
1618  1072  
1621  1111  
1613  1148  
1581  1191  
1546  1212  
1497  1228  
1439  1237  
1379  1239  
1292  1231  
1236  1224  
1181  1214  
1131  1200  
1088  1180  
1052  1145  
1047  1119  
1056  1093  
1082  1071  
1120  1056  
1158  1046  
1206  1034  
1239  1019  
1381  665  
1360  688  
1332  732  
1317  765  

