1031  818  
1032  816  
1036  810  
1041  805  
1047  799  
1056  791  
1069  783  
1089  770  
1105  763  
1123  757  
1140  752  
1158  748  
1174  746  
1196  745  
1211  747  
1225  750  
1238  753  
1250  756  
1269  760  
1281  764  
1294  767  
1306  771  
1319  775  
1336  782  
1348  787  
1360  791  
1373  794  
1387  797  
1402  800  
1425  801  
1440  801  
1457  800  
1472  798  
1486  795  
1503  792  
1512  790  
1521  788  
1530  786  
1538  783  
1547  779  
1552  776  
1556  775  
1557  774  
1557  774  
1557  774  
1554  778  
1549  783  
1542  790  
1530  798  
1518  805  
1498  815  
1484  821  
1467  828  
1448  834  
1430  840  
1405  847  
1390  851  
1379  854  
1369  856  
1358  858  
1347  859  
1328  860  
1312  862  
1294  865  
1275  870  
1252  876  
1219  887  
1203  895  
1190  905  
1176  915  
1161  923  
1135  933  
1110  938  
1080  943  

