1439  931  
1443  931  
1450  928  
1456  925  
1461  922  
1464  919  
1465  918  
1463  917  
1458  917  
1454  919  
1450  922  
1448  924  
1448  924  
1448  925  
1450  925  
1453  925  
1456  925  
1458  925  
1456  922  
1921  564  
1923  570  
1910  581  
1870  605  
1831  624  
1779  646  
1717  671  
1649  700  
1574  734  
1438  788  
1344  813  
1250  835  
1152  861  
1059  877  
941  872  
875  868  
827  852  
828  835  
856  802  
891  776  
935  754  
981  741  
1027  734  
1074  731  

