1191  482  
1187  481  
1184  480  
1182  482  
1181  485  
1181  489  
1182  493  
1184  495  
1188  496  
1195  493  
1201  489  
1205  483  
1208  479  
1208  478  
1206  477  
1204  479  
1200  483  
1196  489  
1194  493  
1194  496  
1197  496  
1200  495  
1205  492  
1210  488  
1212  484  
1212  481  
1210  480  
1207  480  
1204  482  
1203  485  
1203  491  
1205  494  
1208  496  
1213  497  
1218  497  
1223  495  
1223  492  
1223  489  
1219  485  
1213  483  
1206  483  
1197  486  
1195  490  
1194  492  
1195  494  
1197  496  
1201  496  
1204  495  
1207  493  
1209  489  
1210  485  
1209  481  
1203  478  
1198  477  

