1560  874  
1546  891  
1533  904  
1519  912  
1503  912  
1485  906  
1452  888  
1433  873  
1421  857  
1413  842  
1407  828  
1402  815  
1402  813  
1403  816  
1406  823  
1409  834  
1416  856  
1422  875  
1429  899  
1436  928  
1443  959  
1451  989  
1459  1031  
1461  1057  
1459  1082  
1451  1106  
1439  1131  
1408  1164  
1380  1181  
1349  1193  
1312  1201  
1269  1203  
1199  1195  
1155  1183  
1113  1168  
1075  1149  
1044  1127  
1022  1104  
1006  1070  
1004  1045  
1010  1016  
1018  981  
1028  945  
1050  906  
1072  891  
1101  882  
1124  873  
1143  866  
2139  606  
2138  606  
2137  606  
2135  607  
2133  609  
2129  612  
2122  616  
2117  619  
2110  622  
2100  627  
2089  631  
2071  637  
2060  642  
2048  647  
2035  651  
2023  655  
2005  661  
1993  666  
1981  669  
1969  672  
1959  676  
1948  680  
1932  685  
1921  687  
1910  691  
1899  695  
1889  699  
1872  704  
1860  708  
1848  713  
1835  717  
1822  720  
1804  725  
1792  727  
1782  730  
1774  732  
1767  734  
1762  736  
1755  737  

