917  960  
917  960  
917  960  
917  960  
917  960  
917  960  
917  961  
917  961  
917  961  
917  962  
917  962  
917  962  
917  962  
917  962  
917  962  
917  962  
917  962  
917  962  
916  962  
914  962  
909  957  
903  951  
895  943  
884  930  
872  915  
857  892  
851  881  
847  871  
845  862  
843  851  
843  840  
845  822  
850  808  
857  792  
866  773  
879  755  
899  734  
914  724  
930  716  
947  709  
964  706  
991  705  
1009  708  
1027  714  
1045  721  
1061  729  
1076  737  
1095  751  
1105  760  
1112  768  
1117  775  
1121  782  
1125  791  
1126  797  
1127  802  
1127  806  
1126  811  
1124  819  
1122  826  
1119  832  
1116  840  
1109  847  
1100  855  
1079  867  
1065  874  
1053  881  
1039  887  
1026  894  
1009  906  
997  917  
981  930  
957  945  
924  960  
876  978  
853  988  
836  995  
821  999  
804  1003  
782  1007  
738  1013  
706  1018  
680  1023  
659  1029  
638  1035  
601  1043  
565  1047  
527  1048  
495  1049  
472  1050  
453  1051  
429  1055  
416  1058  
405  1061  
398  1063  
395  1064  
394  1064  
394  1064  
395  1065  
395  1065  
395  1065  
396  1066  
396  1066  
396  1067  
396  1067  
396  1068  
396  1068  
396  1068  
396  1068  
395  1068  
395  1068  
395  1068  
395  1068  
395  1068  
395  1068  
395  1068  
396  1068  
401  1069  
407  1063  
2275  931  
2268  936  
2254  941  
2232  946  
2204  950  
2153  955  
2119  958  
2086  962  
2040  966  
1974  971  
1895  972  
1852  972  
1800  975  
1752  979  
1716  985  
1675  991  
1596  994  
1559  990  
1535  986  
1516  983  
1500  980  
1479  976  
1468  972  
1460  969  
1455  967  
1451  965  
1447  962  
1445  960  
1443  957  
1440  953  
1436  948  
1431  941  
1422  926  
1416  914  
1408  902  
1399  889  
1389  878  
1374  858  
1362  845  
1350  832  
1337  821  
1324  810  
1307  795  
1297  787  
1289  779  
1283  773  
1278  765  
1281  765  
1287  765  
1297  767  
1317  768  
1334  769  
1353  769  
1375  769  
1400  768  
1443  764  
1475  761  
1506  757  
1533  753  
1557  748  
1579  743  
1606  739  
1619  736  
1629  734  
1634  733  
1635  733  
1635  733  
1635  734  
1632  736  
1626  741  
1617  750  
1601  769  
1590  784  
1578  799  
1565  815  
1553  830  
1540  845  
1519  870  
1504  888  
1488  907  
1469  928  
1448  946  
1421  969  
1405  985  
1389  999  
1374  1012  
1361  1023  
1345  1034  
1316  1046  
1294  1053  
1270  1058  
1246  1063  
1224  1067  
1194  1072  
1174  1075  
1151  1078  
1125  1081  
1094  1084  
1052  1087  
1027  1090  
1003  1092  
980  1095  
955  1098  
917  1101  
892  1102  
869  1103  
847  1104  
827  1105  
808  1107  
778  1108  
756  1110  
733  1113  
711  1115  
691  1117  
665  1120  
652  1123  
642  1125  
635  1126  
630  1128  
627  1129  
627  1129  
628  1127  
637  1124  
649  1112  
1575  778  
1566  777  
1558  786  
1543  794  
1527  801  
1511  806  
1495  809  
1493  809  
1497  806  
1508  801  
1524  793  
1542  785  
1566  776  
1577  775  
1579  775  
1576  779  
1563  786  
1529  798  
1506  804  
1484  808  
1467  810  
1459  810  
1465  805  
1483  799  
1506  790  
1531  782  
1550  776  
1563  772  
1570  771  
1565  773  
1551  776  
1529  782  
1503  787  
1471  794  
1459  796  
1457  797  
1464  796  
1482  791  
1519  780  
1540  775  
1556  772  
1564  771  
1567  771  
1564  771  
1545  776  
1523  780  
1498  785  
1474  788  
1458  789  
1455  790  
1467  789  
1490  784  
1519  778  
1547  770  
1578  762  
1590  759  
1594  758  
1593  758  
1583  759  
1563  764  
1519  776  
1485  782  
1457  787  
1438  792  
1429  794  
1436  793  
1461  787  
1496  779  
1529  771  
1556  764  
1584  760  
1594  760  
1597  761  
1588  765  
1566  772  
1532  780  
1467  790  
1421  796  
1385  800  
1363  803  
1352  806  
1351  807  
1361  806  
1379  803  
1404  800  
1430  797  
1459  794  
1467  793  
1466  793  
1454  792  
1433  793  
1406  794  
1367  797  
1346  797  
1331  798  
1322  799  
1320  800  
1328  799  
1344  797  
1366  794  
1391  793  
1416  791  
1441  790  
1447  789  
1446  789  
1436  787  
1417  786  
1392  784  
1357  782  
1339  782  
1329  783  
1326  784  
1331  787  
1354  791  
1379  791  
1408  791  
1439  791  
1466  791  
1495  791  
1500  791  
1497  791  
1481  791  
1450  792  
1413  791  
1365  788  
1339  787  
1322  786  
1314  786  
1315  787  
1335  790  
1360  791  
1390  791  
1425  789  
1461  788  
1497  786  
1504  786  
1502  786  
1485  788  
1452  789  
1412  789  
1361  786  
1335  786  
1317  787  
1307  788  
1305  790  
1324  794  
1350  796  
1381  798  
1412  800  
1440  801  
1462  801  
1476  801  
1474  801  
1459  801  
1430  802  
1398  802  
1364  800  
1356  800  
1356  802  
1364  802  
1383  801  
1428  795  
1463  790  
1492  786  
1509  783  
1515  783  
1509  785  
1467  792  
1424  795  
1389  796  
1367  797  
1357  798  
1359  799  
1374  799  
1405  797  
1443  792  
1480  787  
1514  780  
1523  778  
1520  778  
1503  781  
1466  786  
1421  789  
1368  791  
1350  792  
1344  793  
1345  795  
1357  795  
1400  791  
1438  786  
1473  782  
1499  779  
1513  778  
1511  780  
1489  784  
1451  788  
1413  789  
1384  789  
1368  790  
1364  791  
1374  791  
1397  788  
1429  784  
1466  779  
1509  773  
1522  771  
1525  770  
1515  772  
1492  777  
1437  788  
1403  796  
1377  804  
1359  809  
1349  812  
1347  813  
1358  813  
1376  811  
1400  808  
1422  805  
1437  804  
1441  804  
1431  806  
1410  808  
1385  810  
1364  811  
1345  813  
1341  814  
1341  815  
1349  817  
1364  817  
1384  817  
1423  815  
1446  813  
1463  813  
1469  812  
1466  813  
1440  819  
1414  823  
1392  826  
1376  829  
1369  831  
1372  832  
1383  833  
1404  831  
1434  827  
1466  823  
1490  820  
1501  820  
1493  823  
1470  828  
1438  834  
1412  837  
1388  841  

