668  1116  
635  1122  
616  1125  
598  1127  
581  1130  
567  1132  
551  1136  
545  1137  
542  1138  
541  1139  
543  1140  
553  1137  
567  1131  
1072  822  
1068  820  
1072  820  
1077  820  
1081  819  
1083  819  
1085  820  
1082  820  
1865  899  
1867  900  
1862  906  
1849  914  
1829  923  
1803  930  
1778  934  
1744  935  
1725  930  
1703  922  
1674  910  
1642  899  
1614  890  
1589  879  
1582  872  
1580  865  
1584  857  
1595  848  
1630  836  
1657  829  
1683  824  
1709  821  
1735  820  
1778  821  
1808  826  
1834  832  
1856  838  
1872  843  
1882  848  
1884  871  
1877  880  
1866  890  
1840  904  
1813  914  
1782  921  
1754  927  
1729  930  
1681  932  
1627  935  
1573  939  
1536  943  
1498  944  
1448  945  
1378  941  
1337  935  
1278  929  
1221  925  
1184  924  
1131  921  
1085  916  
1045  909  
1019  900  
999  889  
976  874  
964  865  
957  858  
955  851  
961  845  
972  838  
997  827  
1020  821  
1047  815  
1079  811  
1115  807  
1165  805  
1194  801  
1645  723  
2368  897  
2366  895  
2362  899  
2358  901  
2357  902  
2356  903  
2356  904  
2358  907  
2358  909  
2359  910  
2360  911  
2362  911  
2362  912  
2363  912  
2364  912  
2365  913  
2366  913  
2367  913  
2369  913  
2370  913  
2372  913  
2373  914  
2375  914  
2379  914  
2380  914  
2382  914  

