2022  831  
1970  833  
1928  836  
1899  837  
1834  804  
1825  786  
1820  768  
1817  747  
1816  741  
1816  740  
1816  745  
1816  757  
1817  786  
1818  807  
1815  826  
1809  844  
1798  862  
1782  878  
1753  900  
1733  913  
1711  924  
1678  934  
1627  942  
1556  945  
1526  942  
1494  938  
1453  932  
1413  924  
1369  904  
1344  888  
1315  874  
1286  865  
1261  857  
1241  852  
1223  847  
1218  844  
1216  843  
1215  841  
1214  841  
1213  840  
1213  840  
1213  840  
1213  840  
1212  840  
1212  841  
1212  841  
1211  841  
1211  841  
1210  841  
1209  841  
1209  841  
1209  841  
1209  841  
1208  842  
1208  842  
1206  842  
1203  843  
1201  844  
1197  846  
1192  846  
1188  847  
1183  848  
1182  849  
1181  849  
1180  849  
1180  849  
1180  849  
1181  849  
1183  851  
1185  852  
1187  851  
1191  850  
1476  690  
1474  681  
1484  662  
1493  645  
1503  627  
1514  609  
1527  596  
1546  589  
1558  596  
1568  609  
1577  624  
1586  639  
1594  655  
1607  679  
1615  697  
1623  716  
1627  730  
1632  735  
2411  805  
2409  806  
2401  805  
2382  809  
2362  813  
2305  826  
2270  831  
2231  837  
2162  846  
2115  849  
2072  849  
2026  846  
1976  846  
1924  846  
1905  844  
1893  839  
1885  830  
1881  820  

