1455  1088  
1397  1094  
1345  1101  
1294  1108  
1217  1116  
1170  1120  
1127  1123  
1087  1127  
1057  1130  
1033  1133  
1027  1134  
1026  1134  
1031  1135  
1041  1135  
1061  1132  
1075  1132  
1048  1130  
1045  1128  
1043  1127  
1041  1127  
1039  1127  
1034  1127  
1029  1129  
1022  1130  
1015  1131  
1008  1132  
998  1133  
990  1133  
983  1133  
975  1132  
968  1129  
960  1126  
951  1120  
946  1116  
942  1110  
939  1104  
936  1098  
934  1088  
934  1081  
938  1074  
943  1067  
951  1060  
963  1050  
972  1045  
980  1039  
988  1033  
997  1028  
1005  1023  
1016  1017  
1023  1015  
1029  1013  
1034  1011  
1040  1009  
1049  1006  
1057  1003  
1062  1003  
2361  837  
2368  838  
2363  839  
2337  851  
2304  861  
2264  867  
2218  868  
2169  868  
2122  865  
2056  859  
1997  858  
1936  866  
1892  877  

