364  1006  
469  944  
564  887  
651  832  
707  799  
715  796  
715  801  
697  829  
638  891  
558  961  
493  1023  
474  1050  
469  1062  
470  1065  
527  1034  
614  980  
718  912  
819  848  
907  800  
985  763  
1045  742  
2181  157  
2181  161  
2189  178  
2203  212  
2212  240  
2220  268  
2223  305  
2224  342  
2216  392  
2191  446  
2162  493  
2117  536  
2074  566  
2029  585  
1991  592  
1952  596  
1915  596  
1875  582  
1835  564  
1805  543  
1772  518  
1747  491  
1728  472  
1706  449  
1690  433  
1677  420  
1666  411  
1657  403  
1652  399  
1647  392  
2033  92  
1971  126  
1905  158  
1860  182  
1823  199  
1789  214  
1770  223  
1738  237  
1481  132  
1495  156  
1508  188  
1519  222  
1535  257  
1550  292  
1564  325  
1582  356  
1600  383  
1615  413  
1631  440  
1647  462  
1659  477  
1671  491  
1176  532  
1170  532  
1169  522  
1176  511  
1191  489  
1205  472  
1222  452  
1244  430  
1271  407  
1325  376  
1369  361  
1415  350  
1463  345  
1509  344  
1573  354  
1611  366  
1647  384  
1678  405  
1700  428  
1713  454  
1715  495  
1704  526  
1681  559  
1649  596  
1607  633  
1533  696  
1471  745  
1401  793  
1336  829  
1266  864  
1180  953  
1146  1004  
1117  1040  
1100  1070  
1099  1097  
1113  1124  
1159  1156  
1203  1169  
1257  1178  
1320  1180  
1392  1178  
1519  1170  
1607  1161  
1692  1152  

