1569  844  
1550  845  
1538  844  
1528  840  
1521  834  
1515  825  
1509  808  
1509  794  
1513  777  
1520  761  
1529  745  
1547  726  
1559  715  
1570  702  
1579  691  
1586  681  
1595  670  
1598  667  
1599  665  
1599  665  
1597  667  
1592  669  
1581  675  
1571  682  
1559  690  
1546  702  
1479  773  
1459  790  
1439  803  
1413  816  
1396  823  
1380  828  
1366  832  
1352  832  
1336  833  
1306  830  
1285  828  
1265  828  
1244  828  
1225  829  
1203  834  
1190  838  
1179  841  
1170  843  
1164  845  
1161  846  
1161  848  
1162  854  
1164  862  
1167  874  
1169  890  
1174  927  
1178  959  
1181  990  
1186  1017  
1193  1039  
1203  1071  
1207  1097  
1208  1127  
1209  1161  
1210  1192  
1211  1234  
1211  1260  
1209  1284  
1207  1306  
1206  1326  
1206  1343  
1207  1360  

