2036  752  
1984  755  
1929  762  
1868  771  
1800  779  
1705  786  
1649  790  
1594  797  
1541  805  
1486  813  
1399  819  
1355  819  
1318  818  
1281  818  
1245  818  
1214  819  
1174  821  
1148  820  
1083  799  
1073  783  
1076  768  
1086  750  
1104  731  
1128  713  
1175  688  
1211  676  
1250  667  
1292  661  
1335  659  
1379  659  
1442  664  
1479  669  
1507  677  
1525  684  
1533  692  
1528  710  
1509  726  
1476  743  
1432  761  
1382  777  
1307  795  
1251  807  
1195  822  
1139  840  
1079  858  
1029  873  
987  905  
955  947  
921  996  
898  1030  
891  1051  
901  1079  
920  1095  
949  1110  
988  1122  
1038  1129  
1138  1131  
1206  1127  
1275  1120  
1345  1110  
1421  1099  
1498  1091  
1595  1084  
1651  1078  
1695  1071  
1725  1065  
1747  1060  

