1192  678  
1193  739  
1191  777  
1190  808  
1189  831  
1187  852  
1187  881  
1188  907  
1189  939  
1191  969  
1194  994  
1198  1021  
1200  1032  
1202  1041  
1203  1049  
1204  1055  
1204  1061  
1204  1066  
1204  1068  
1204  1069  
1204  1069  
1205  1069  
1205  1067  
1208  1063  
1213  1054  
1769  861  
1765  860  
1765  864  
1772  866  
1782  866  
1799  866  
1831  864  
1855  860  
1878  854  
1903  846  
1931  839  
1987  832  
2030  829  
2069  828  
2104  826  
2141  823  
2179  820  
2229  816  
2259  814  
2286  812  
2311  810  
2334  808  
2362  807  
2376  806  
2386  806  
2392  806  
2395  806  
2396  806  
2396  806  
2395  807  

