1413  863  
1407  871  
1405  880  
1408  890  
1424  903  
1439  907  
1454  909  
1465  910  
1469  910  
1469  906  
1464  901  
1455  893  
1442  886  
1427  880  
1402  876  
1387  880  
1377  891  
1373  907  
1373  925  
1377  936  
1392  937  
1409  925  
1429  907  
1454  886  
1476  865  
1492  838  
1492  826  
1485  819  
1471  819  
1451  827  
1419  848  
1406  862  
1404  874  
1407  882  
1417  887  
1435  887  
1474  874  
1499  860  
1519  845  
1531  836  
1533  834  
1517  849  
1499  867  
1479  888  
1460  910  
1446  931  
1439  941  
1439  941  
1447  931  
1464  911  
1482  889  
1494  872  
1501  854  
1499  852  
1490  855  
1472  866  
1453  879  
1440  892  
1438  898  
1439  901  
1444  900  
1456  895  
1474  884  
1496  861  
1502  849  
1502  841  
1497  838  
1483  840  
1446  858  
1423  875  
1408  894  
1399  915  
1395  933  
1399  950  
1406  953  
1416  954  
1427  951  
1438  945  
1445  935  
1450  916  
1447  905  
1439  899  
1428  898  
1417  901  
1403  917  
1399  932  
1399  946  
1402  957  
1407  965  
1412  972  
1415  972  
1415  971  
1415  964  
1413  954  
1408  938  
1396  911  
1387  894  
1380  881  
1376  874  
1374  873  
1375  879  
1378  891  
1383  908  
1389  926  
1395  940  
1401  953  
1402  955  
1403  955  
1402  951  
1398  940  
1393  922  
1381  890  
1374  874  
1369  861  
1366  853  
1364  849  
1364  849  
1366  856  
1370  868  
1374  884  
1378  905  
1384  931  
1387  940  
1387  943  
1387  942  
1385  934  
1382  917  
1375  884  
1369  865  
1361  849  
1353  837  
1347  827  
1343  823  
1343  825  
1347  834  
1352  848  
1359  865  
1369  889  
1374  901  
1377  910  
1378  912  
1378  910  
1376  902  
1369  881  
1362  866  
1355  852  
1349  842  
1347  839  
1350  839  
1357  843  
1368  849  
1380  855  
1395  861  
1417  867  
1426  868  
1429  868  
1427  868  
1420  865  
1408  862  
1391  860  
1384  860  
1382  860  
1383  861  
1391  861  
1418  857  
1441  853  
1466  848  
1484  844  
1492  843  
1493  842  
1488  840  
1485  838  
1487  837  
1494  833  
1498  829  
2229  1033  
2233  1031  
2229  1032  
2211  1039  
2173  1049  
2122  1059  
2062  1066  
1946  1064  
1860  1056  
1772  1049  
1691  1044  

