1584  820  
1580  821  
1578  830  
1573  846  
1567  869  
1558  908  
1547  983  
1542  1018  
1537  1040  
1530  1057  
1524  1068  
1517  1073  
1516  1070  
1515  1056  
1515  1031  
1519  993  
1531  910  
1545  862  
1562  825  
1579  787  
1596  747  
1617  711  
1654  669  
1683  649  
1715  636  
1748  630  
1779  630  
1820  641  
1842  656  
1859  674  
1872  694  
1879  716  
1877  748  
1866  769  
1844  789  
1811  805  
1771  816  
1734  822  
1679  825  
1634  828  
1587  834  
1544  841  
1503  850  
1435  858  
1396  859  
1369  857  
1349  854  
1332  850  
1315  847  
1310  846  
1311  847  
1316  852  
1325  864  
1336  881  
1348  929  
1352  971  
1350  1008  
1341  1037  
1326  1059  
1292  1089  
1262  1107  
1227  1120  
1188  1129  
1143  1130  
1094  1126  
1031  1111  
1001  1098  
977  1085  
958  1071  
943  1057  
934  1029  
941  994  
956  947  
974  905  
990  879  
1020  859  

