1584  539  
1360  775  
1301  795  
1270  807  
1226  830  
1201  854  
1180  887  
1159  931  
1136  972  
1088  1016  
1052  1036  
1021  1051  
992  1061  
963  1065  
950  1065  
943  864  
947  882  
949  919  
783  661  
710  541  
651  573  
622  600  
596  622  
838  660  
833  654  
836  657  
840  665  
845  682  
857  721  
868  754  
881  789  
896  819  
913  845  
932  872  
958  936  
965  959  
1622  709  
1619  731  
1614  739  
1612  742  
1611  742  
1612  737  
1621  721  
1630  706  
1640  695  
1648  688  
1657  688  
1667  695  
1689  716  
1710  734  
1723  744  
819  589  
832  583  
833  577  
825  581  
807  591  
780  607  
746  626  
708  647  
647  683  
609  712  
590  723  
1445  512  
1448  517  
1450  528  
1453  558  
1457  584  
1461  614  
1465  649  
1471  689  
1485  762  

