1185  958  
1192  931  
1202  896  
1211  882  
1222  873  
1236  867  
1256  862  
1290  862  
1312  864  
1331  867  
1346  872  
1360  878  
1371  885  
1386  894  
1394  901  
1400  909  
1404  919  
1406  927  
1405  939  
1402  944  
1395  948  
1385  950  
1376  951  
1367  954  
1350  961  
1332  968  
1307  975  
1281  981  
1255  986  
1223  990  
1208  992  
1196  994  
1185  995  
1175  996  
1157  997  
1141  997  
1123  997  
1101  998  
1077  999  
1057  1001  
1029  1007  
1012  1012  
996  1015  
980  1018  
962  1021  
931  1024  
914  1024  
901  1025  
894  1025  
892  1026  
891  1027  
896  1030  
907  1032  
912  1031  
1052  958  
1053  954  
1051  951  
1051  951  
1052  952  
1055  956  
1057  962  
1063  975  
1068  984  
1074  994  
1081  1000  
1086  1005  
1088  1009  
1082  1013  
1080  1015  
874  1012  
869  1012  
876  1018  
895  1032  
908  1044  
917  1057  
924  1071  
925  1088  
919  1113  
910  1128  
896  1141  
873  1151  
844  1156  
792  1157  
755  1154  
720  1146  
689  1135  

