1782  1142  
1870  1132  
1968  1123  
2017  1120  
2054  1117  
2081  1116  
2099  1115  
2109  1115  
2109  1111  
2100  1105  
2080  1093  
1426  239  
1420  230  
1417  233  
1415  238  
1413  244  
1413  246  
1413  246  
1416  242  
1420  237  
1423  230  
1424  225  
1424  223  
1423  223  
1424  228  
1426  234  
1432  241  
1442  247  
1445  247  
1078  608  
1068  592  
1072  574  
1087  556  
1127  524  
1162  501  
1204  479  
1252  459  
1306  443  
1365  432  
1460  428  
1520  435  
1573  451  
1615  471  
1643  497  
1652  544  
1631  581  
1587  623  
1519  672  
1430  732  
1303  818  
1237  865  
1196  937  
1185  1010  
1195  1054  
1225  1087  
1307  1112  
1382  1109  
1477  1097  
1576  1080  
1668  1055  
1785  1001  
1848  962  
1885  919  
1904  877  
1902  838  
1873  793  
1341  319  
2383  705  
2392  705  
2390  705  
2378  709  
2331  718  
2284  723  
2225  728  
2153  732  
2079  736  
1969  743  
1894  754  
1809  766  
1728  775  
1659  782  
1601  790  
1534  802  
1500  807  
1472  808  
1452  806  
1444  802  
1221  683  
1248  681  
1304  678  

