1571  957  
1569  965  
1044  581  
1010  562  
1005  557  
1004  552  
1007  547  
1019  538  
1054  519  
1085  505  
1122  494  
1164  486  
1211  482  
1289  482  
1343  485  
1395  491  
1445  498  
1491  507  
1531  519  
1578  541  
1598  557  
1609  572  
1611  586  
1603  601  
1575  621  
1544  633  
1507  645  
1465  656  
1418  667  
1346  682  
1297  692  
1249  704  
1201  719  
1151  738  
1095  761  
1017  798  
978  816  
943  832  
904  851  
866  876  
836  932  
830  970  
829  1002  
836  1027  
849  1046  
884  1071  
918  1084  
957  1093  
1001  1101  
1052  1105  
1114  1110  
1208  1115  
1271  1115  
1333  1112  
1395  1107  
1459  1103  
1544  1097  
1590  1093  
1630  1090  
1664  1086  
1692  1082  
1722  1077  
1733  1075  
1739  1073  
1738  1071  
1736  1070  
1378  882  
1369  885  
1366  888  
1369  889  
1373  887  

