1122  980  
1105  985  
1101  987  
1100  989  
1104  990  
1111  989  
2135  684  
2134  683  
2131  683  
2126  686  
2117  693  
2098  704  
2083  712  
2067  719  
2049  726  
2032  731  
2013  736  
1982  745  
1962  752  
1944  760  
1927  767  
1912  773  
1889  783  
1873  790  
1858  795  
1844  800  
1830  803  
1811  806  
1801  806  
1793  807  
1786  808  
1780  808  
1775  808  
1769  810  
1765  810  
1762  811  
1760  811  
1757  811  
1753  812  
1749  813  
1746  813  
1745  814  
1744  814  
1746  814  
1748  813  
1751  812  
1754  812  

