1775  683  
1781  681  
1790  679  
1806  676  
1817  673  
1828  671  
1838  670  
1847  668  
1858  667  
1862  666  
1864  665  
1866  665  
1867  665  
1869  664  
1870  663  
1871  662  
1873  663  
1872  662  
1322  961  
1311  987  
1301  1001  
1300  999  
1303  970  
1311  922  
1320  870  
1331  824  
1346  763  
1367  695  
1409  612  
1446  567  
1490  530  
1540  503  
1591  489  
1660  493  
1694  508  
1718  531  
1730  558  
1730  586  
1706  628  
1670  658  
1617  691  
1551  728  
1473  767  
1395  801  
1302  833  
1244  849  
1204  862  
1184  867  
1174  863  
1179  828  
1195  780  
1215  716  
1233  649  
1247  589  
1256  509  
1259  466  
1262  436  
1264  420  
1268  415  
1272  421  
1283  457  
1290  502  
1298  558  
1307  615  
1313  668  
1322  740  
1328  780  
1334  807  
1338  823  
1341  830  
1342  831  
1342  830  
1342  827  
1343  826  
1345  824  
1225  1138  
1213  1157  
1199  1171  
1199  1171  
1207  1150  
1219  1117  
1235  1077  

