1382  842  
1384  843  
1395  843  
1419  841  
1471  835  
1501  830  
1520  827  
1528  827  
1526  828  
1513  833  
1476  843  
1451  848  
1434  852  
1425  855  
1422  856  
1430  856  
1448  852  
1474  845  
1498  838  
1516  831  
1532  824  
1534  823  
1531  826  
1518  833  
1497  843  
1477  853  
1453  865  
1447  869  
1450  870  
1463  867  
1485  858  
1516  840  
1532  828  
1543  821  
1547  818  
1547  818  
1539  824  
1517  842  
1499  857  
1482  869  
1471  877  
1467  880  
1470  878  
1499  857  
1518  841  
1534  828  
1547  817  
1547  816  
1541  822  
1525  836  
1504  856  
1483  877  
1457  900  
1447  909  
1445  910  
1450  905  
1466  892  
1499  863  
1519  844  
1535  829  
1544  821  
1545  819  
1534  831  
1515  850  
1494  873  
1474  895  
1458  911  
1450  919  
1448  920  
1454  912  
1471  894  
1494  873  
1514  851  
1536  827  
1543  820  
1544  818  
1538  825  
1522  841  
1489  875  
1467  894  
1452  908  
1445  916  
1444  918  
1449  912  
1478  886  
1502  863  
1523  841  
1539  824  
1550  813  
1554  809  
1551  813  
1540  824  
1522  838  
1502  852  
1478  867  
1470  871  
1468  872  
1474  868  
1488  859  
1508  846  
1532  829  
1539  823  
1539  822  
1531  825  
1512  834  
1467  855  
1433  867  
1406  875  
1392  880  
1387  882  
1391  883  
1405  880  
1433  872  
1466  862  
1491  852  
1505  844  
1512  838  
1509  837  
1497  839  
1475  844  
1447  851  
1412  862  
1397  869  
1389  874  
1389  877  
1394  878  
1413  875  
1431  869  
1445  862  
1452  857  
1452  852  
1446  849  
1427  849  
1412  854  
1399  859  
1391  865  
1388  870  
1394  878  
1404  881  
1417  882  
1431  879  
1445  874  
1457  863  
1457  857  
1450  854  
1439  854  
1422  858  
1406  863  
1389  870  
1387  873  
1388  876  
1395  881  
1407  884  
1427  884  
1439  882  
1448  879  
1453  875  
1452  871  
1438  866  
1423  865  
1408  867  
1395  870  
1385  875  
1380  880  
1381  889  
1387  894  
1397  896  
1408  894  
1418  890  
1431  878  
1435  870  
1433  863  
1425  857  
1415  853  
1404  854  
1391  864  
1385  873  
1383  884  
1385  893  
1391  901  
1404  907  
1413  906  
1421  900  
1428  890  
1430  878  
1427  863  
1421  856  
1414  853  
1406  855  
1401  863  
1399  875  
1401  895  
1407  907  
1415  915  
1426  919  
1438  917  
1458  906  
1470  895  
1478  885  
1480  877  
1478  872  
1469  875  
1457  883  
1444  896  
1434  910  
1428  921  
1425  928  
1425  930  
1428  928  
1435  920  
1446  907  
1458  893  
1465  881  
1465  880  
1460  881  
1450  890  
1437  903  
1425  924  
1422  933  
1422  937  
1425  937  
1432  930  
1448  914  
1480  885  
1500  864  
1517  846  
1527  834  
1528  830  
1522  836  
1509  851  
1491  872  
1473  894  
1459  915  
1453  926  
1455  925  
1465  915  
1483  895  
1505  872  
1526  849  
1555  818  
1570  804  
1578  798  
1578  798  
1571  805  
1544  826  
1524  839  
1509  849  
1499  854  
1495  856  
1497  850  
1507  839  
1523  825  
1538  812  
1547  803  
1551  800  
1544  807  
1530  821  
1511  836  
1496  845  
1488  850  
1486  851  
1491  849  
1504  842  
1521  832  
1539  821  
1554  809  
1556  807  
1552  810  
1538  817  
1515  829  
1487  840  
1443  850  
1420  856  
1409  859  
1407  860  
1409  860  
1429  851  
1448  843  
1460  836  
1465  834  
1462  834  
1442  844  
1425  854  

