1586  769  
1604  768  
1613  768  
1612  767  
1607  765  
2228  879  
2228  883  
2219  889  
2194  909  
2168  930  
2134  957  
2098  990  
2056  1021  
2005  1039  
1937  1049  
1906  1047  
1880  1041  
1862  1029  
1852  1010  
1849  965  
1850  934  
1848  908  
1839  892  
1825  884  
1807  883  
1775  891  
1755  901  
1741  915  
1734  930  
1730  941  
1733  951  
1739  956  
1751  959  
1767  961  
1787  963  
1819  966  
1839  966  
1854  966  
1866  966  
1874  969  
1876  969  
1871  968  
2330  986  
2324  985  
2317  987  
2306  990  
2291  992  
2258  995  
2231  996  
2203  998  
2176  1001  
2149  1004  
2123  1009  
2080  1017  
2043  1023  
1998  1028  
1956  1029  
1923  1029  
1881  1026  
1849  1024  
1812  1024  
1720  1027  
1701  1028  
1678  1029  

