1624  769  
1626  779  
1628  786  
1630  793  
1634  797  
1640  803  
1646  805  
1652  807  
1658  809  
1665  812  
1674  816  
1679  818  
1684  820  
1689  822  
1694  824  
1698  827  
1702  830  
1703  831  
1703  833  
1704  835  
1704  836  
1704  837  
1702  837  
1700  836  
1700  835  
1979  645  
1996  626  
1996  626  
1985  634  
1963  650  
1930  672  
1883  699  
1783  750  
1707  782  
1630  811  
1548  839  
1458  865  
1373  878  
1261  884  
1207  886  
1186  879  
1183  862  
1194  841  
1339  789  
1392  791  
1450  799  
1524  813  
1560  821  
1591  830  
1625  839  
1639  842  
1735  1030  
1984  522  
1983  526  
1985  534  
1986  542  
1989  551  
1991  562  
1994  574  
1996  588  
2001  609  
2004  623  
2006  636  
2006  650  
2006  664  
2001  680  
1996  689  
1989  698  
1979  706  
1968  713  
1947  721  

