1584  837  
1544  848  
1478  864  
1425  870  
1381  870  
1345  865  
1297  861  
1213  867  
1171  876  
1121  881  
1063  883  
1016  880  
976  876  
894  879  
849  888  
822  901  
798  912  
773  920  
737  927  
719  930  
708  933  
705  936  
710  940  
723  944  
736  947  
1654  247  
1657  241  
1663  248  
1673  272  
1685  308  
1706  378  
1723  432  
1743  489  
1765  547  
1789  605  
1813  664  
1848  764  
1863  828  
1870  883  
1872  945  
1870  1003  
1845  1063  
1810  1099  
1770  1135  
1733  1166  
1695  1190  
1633  1212  
1586  1214  
1536  1207  
1483  1191  
1433  1167  
1394  1137  
1361  1086  
1353  1058  
1355  1033  
1365  1002  
1383  969  
1427  932  

