1510  773  
1489  802  
1480  827  
1484  846  
1499  860  
1523  866  
1571  857  
1617  847  
1661  836  
1690  825  
1710  808  
1730  773  
1739  747  
1742  723  
1740  702  
1730  686  
1701  668  
1673  660  
1641  655  
1605  654  
1567  657  
1526  663  
1457  672  
1408  679  
1361  684  
1316  688  
1274  689  
1212  691  
1170  694  
1130  696  
1095  697  
1066  698  
1037  698  
1026  698  
1023  698  
1023  695  
1032  693  
2240  650  
2227  650  
2210  659  
2169  672  
2136  678  
2103  682  
2070  684  
2037  686  
1985  690  
1949  694  
1913  699  
1880  702  
1849  704  
1807  702  
1784  697  
1765  691  
1749  685  
1737  679  
1728  673  
1716  663  
1709  656  
1704  651  
1701  648  
1700  648  
1700  649  
1702  654  
1708  661  
1717  670  
1730  681  
1752  700  
1769  716  
1784  731  
1798  746  
1808  761  
1815  774  
1815  787  
1808  794  
1795  798  
1776  800  
1753  800  
1720  793  
1700  785  
1684  775  
1672  762  
1663  747  
1657  731  
1654  706  
1656  689  
1663  675  
1670  661  
1678  647  
1689  632  
1699  623  
1699  626  
1693  636  
1685  645  
1673  656  

