1469  913  
1506  898  
1530  885  
1550  876  
1567  867  
2362  774  
2332  776  
2268  798  
2208  817  
2140  833  
2076  842  
2008  848  
1919  865  
1881  876  
1770  843  
1771  813  
1781  767  
1797  708  
1813  648  
1821  588  
1817  501  
1807  451  
1796  410  
1786  380  
1780  359  
1775  344  
1775  342  
1775  344  
1778  354  
1784  374  
1795  419  
1801  458  
1804  504  
1804  554  
1802  604  
1800  653  
1796  726  
1789  774  
1778  813  
1763  840  
1747  860  
1724  886  
1705  906  
1678  935  
1636  965  
1591  988  
1555  998  
1504  997  
1456  994  
1407  992  
1372  992  
1344  994  
1292  995  
1258  991  
1232  986  
1217  981  
1210  978  
1212  975  
1221  972  
2311  730  
2286  729  
2259  736  
2225  747  

