1791  793  
1795  760  
1796  741  
1796  727  
1796  721  
1796  719  
1797  726  
1797  737  
1798  754  
1800  774  
1802  795  
1805  826  
1807  843  
1807  859  
1805  873  
1800  886  
1790  897  
1771  911  
1757  917  
1742  920  
1727  920  
1710  916  
1670  910  
1628  908  
1584  910  
1551  914  
1522  919  
1472  922  
1435  923  
1403  922  
1378  922  
1358  921  
1337  918  
1295  914  
1266  913  
1238  912  
1216  912  
1200  913  
1182  914  
1172  914  
1162  914  
1152  913  
1141  911  
1124  907  
1113  903  
1103  899  
1093  896  
1083  893  
1075  888  
1066  879  
1062  873  
1058  866  
1055  859  
1055  852  
1062  841  
1071  834  
1082  828  
1095  822  
1109  815  
1129  806  
1143  800  
1157  794  
1170  790  
1178  789  
1181  787  
1185  785  

