1230  1038  
1232  1000  
1261  910  
1289  864  
1314  840  
1334  823  
1351  811  
1381  799  
1405  796  
1419  798  
1645  784  
1635  790  
1621  782  
1609  774  
1598  761  
1577  731  
1562  704  
1549  676  
1541  648  
1541  623  
1560  591  
1586  575  
1620  566  
1659  565  
1699  571  
1751  596  
1774  624  
1783  656  
1778  683  
1760  707  
1730  730  
1662  761  
1605  777  
1544  791  
1482  800  
1424  805  
1371  812  
1355  822  
1350  839  
1351  868  
1356  917  
1364  1007  
1369  1054  
1376  1097  
1387  1142  
1397  1183  
1405  1216  
1410  1253  
1408  1268  
1405  1277  
1402  1280  
1399  1280  
1392  1274  
1387  1268  
1598  684  
1601  687  
1602  688  
1608  694  
1622  706  
1633  715  
1645  725  
1654  737  
1663  751  
1673  767  
1686  788  
1695  802  
1701  813  
1702  822  
1700  828  
1688  835  
1677  838  
1662  839  
1640  840  
1611  841  

