1581  981  
1587  1041  
1593  1077  
1598  1133  
1598  1171  
1597  1205  
1595  1233  
1593  1254  
1592  1276  
1592  1283  
1590  1282  
1591  1279  
1594  631  
1594  633  
1597  633  
1601  632  
1607  629  
1616  625  
1627  618  
1648  605  
1665  594  
1684  583  
1705  569  
1726  554  
1755  528  
1772  509  
1785  489  
1793  470  
1796  450  
1794  431  
1780  405  
1762  392  
1738  380  
1709  371  
1677  365  
1629  364  
1598  368  
1569  375  
1543  385  
1520  397  
1496  415  
1487  428  
1484  442  
1485  457  
1488  471  
1494  486  
1504  509  
1512  524  
1519  538  
1526  551  
1534  561  
1547  575  
1554  583  
1559  589  
1563  595  
1566  598  
1568  601  
1569  602  
1570  603  
1571  604  
1571  605  
1572  607  
1573  610  
1573  613  
1575  617  
1574  625  
1286  239  
1285  237  
1287  244  
1291  256  
1299  274  

