2185  761  
2139  775  
2068  791  
2016  800  
1961  812  
1911  825  
1861  837  
1776  850  
1733  854  
1674  855  
1650  853  
1632  850  
1618  842  
1617  831  
1620  813  
1627  784  
1634  746  
1647  680  
1656  636  
1665  594  
1670  552  
1671  513  
1668  465  
1665  440  
1661  420  
1658  408  
1656  403  
1656  403  
1657  412  
1658  428  
1660  453  
1662  483  
1665  517  
1666  579  
1661  625  
1654  672  
1646  721  
1637  770  
1619  832  
1599  870  
1576  925  
1557  987  
1539  1028  
1518  1055  
1470  1095  
1432  1122  
1395  1144  
1362  1156  
1333  1158  
1297  1141  
1276  1119  
1256  1092  
1240  1065  

