2051  1021  
2077  1026  
2110  1034  
2133  1040  
2158  1047  
2185  1054  
2212  1061  
2250  1070  
2274  1077  
2297  1084  
2319  1090  
2339  1096  
2362  1103  
2373  1106  
2382  1109  
2390  1112  
2395  1113  
2397  1112  
2390  1106  
1371  411  
1375  406  
1379  402  
1380  401  
1380  401  
1378  402  
1370  406  
1352  414  
1316  430  
1290  443  
1262  459  
1234  479  
1206  503  
1164  550  
1141  585  
1124  619  
1117  651  
1120  680  
1132  704  
1165  729  
1195  733  
1229  730  
1265  721  
1301  709  
1348  688  
1369  679  
1377  674  
1378  674  
1369  678  
1335  700  
1304  724  
1271  756  
1235  792  
1202  829  
1175  869  
1147  948  
1138  1000  
1136  1041  
1143  1079  
1159  1119  
1202  1176  
1242  1203  
1291  1223  
1347  1234  
1412  1238  
1521  1232  
1593  1225  
1663  1216  
1735  1205  
1814  1192  
1893  1177  
2001  1155  
2065  1141  
2126  1128  
2182  1116  
2227  1107  
2276  1101  
2296  1099  
2310  1098  

