774  939  
804  911  
817  900  
2197  661  
2199  664  
2199  668  
2189  674  
2171  680  
2133  690  
2100  697  
2064  704  
2026  712  
1985  721  
1918  737  
1866  751  
1804  766  
1745  777  
1705  784  
1677  789  
1649  792  
1637  790  
1631  785  
1631  776  
1636  762  
1651  736  
1662  724  
1670  715  
1674  711  
1675  711  
1675  721  
1671  736  
1664  755  
1655  774  
1645  791  
1633  805  
1613  820  
1600  826  
1589  829  
1580  829  
1572  826  
1566  814  
1567  802  
1571  787  
1576  772  
1579  763  
1580  758  
1578  763  
1571  773  
1561  788  
1547  803  
1533  815  
1507  829  
1486  835  
1461  838  
1438  838  
1425  834  
1415  825  
1413  815  
1413  802  
1415  789  
1418  777  
1425  765  
1428  762  
1429  763  
1431  768  
1430  780  
1427  796  
1416  826  
1405  846  
1391  870  
1378  900  
1365  940  
1331  1004  
1297  1033  
1260  1049  
1227  1059  
1197  1064  
1156  1057  
1132  1045  

