1600  287  
1597  295  
1603  299  
1615  301  
1631  300  
1646  298  
1659  297  
1659  298  
1650  303  
1634  313  
1612  325  
1582  346  
1567  358  
1556  366  
1550  372  
1551  378  
1556  380  
1645  713  
1650  769  
1657  818  
1667  858  
1677  914  
1680  981  
1674  1042  
1671  1064  
1669  1082  
1670  1096  
1672  1108  
1675  1122  
1675  1122  
1641  445  
1639  445  
1642  449  
1641  455  
1640  464  
1639  476  
1638  497  
1637  513  
1636  530  
1635  549  
1635  568  
1634  598  
1633  616  
1631  634  
1630  651  
1628  667  
1626  688  
1625  701  
1624  715  
1623  728  
1623  740  
1623  751  

