1255  1029  
1282  945  
1322  832  
1344  775  
1370  712  
1406  657  
1449  614  
1521  571  
1573  557  
1624  555  
1674  566  
1721  587  
1761  615  
1804  664  
1822  702  
1831  744  
1830  786  
1819  823  
1780  866  
1747  890  
1715  914  
1667  942  
1599  965  
1513  982  
1446  989  
1374  1001  
1295  1014  
1212  1015  
1134  1013  
1015  1028  
941  1041  
869  1045  
818  1045  
774  1046  
712  1050  
688  1053  
675  1055  
668  1056  
667  1056  
667  1057  
673  1057  
680  1050  
688  1044  
1286  91  
1288  85  
1291  94  
1294  117  
1299  162  
1302  196  
1305  268  
1306  309  
1307  354  
1306  426  
1305  474  
1303  521  
1301  567  
1296  611  
1288  678  
1282  721  
1276  762  
1272  795  
1268  821  
1264  851  
1262  873  
1261  908  
1260  948  
1260  980  
1260  1004  
1260  1026  
1262  1035  
1263  1043  
1265  1049  
1265  1053  
1266  1058  
1266  1061  
1266  1062  
1266  1064  
1266  1066  
1266  1066  
1266  1067  
1264  1065  
1260  1061  
1244  1050  

