1771  1056  
1780  1056  
1780  1055  
1773  1059  
2304  686  
2297  686  
2283  690  
2260  696  
2228  702  
2161  709  
2107  713  
2047  717  
1980  724  
1907  735  
1821  751  
1689  777  
1607  794  
1530  811  
1454  823  
1388  828  
1325  826  
1293  825  
1269  821  
1258  816  
1295  695  
1340  695  
1387  698  
1432  703  
1470  710  
1495  717  
1505  723  
1498  735  
1474  750  
1438  768  
1395  787  
1352  804  
1285  824  
1239  838  
1202  856  
1174  877  
1151  898  
1124  930  
1114  949  
1111  965  
1116  980  
1128  995  
1146  1008  
1182  1022  
1215  1030  
1263  1032  
1319  1030  
1366  1022  
1447  1015  
1506  1016  
1553  1020  
1611  1022  
1674  1016  
1741  1001  
1784  995  
1831  992  
1867  991  
1888  991  
1902  991  
1918  989  
1926  988  
1930  987  
1931  987  
2352  802  
2352  802  
2341  804  
2327  806  
2307  808  
2282  811  
2253  814  
2219  817  
2158  819  
2114  819  
2069  818  
2019  818  
1965  821  
1890  834  
1836  842  
1779  845  
1732  845  
1693  844  
1624  845  
1580  851  
1546  859  
1518  866  
1489  871  
1454  873  
1410  873  
1390  871  
1377  869  
1369  868  
1363  867  
1361  866  
1360  866  
1360  866  
1360  866  
1361  867  
1367  869  
1372  869  
1034  820  
1031  818  

