1330  745  
1331  768  
1334  779  
1337  787  
1339  791  
1343  794  
1350  797  
1352  797  
1822  680  
1822  679  
1822  679  
1822  679  
1822  679  
1824  679  
1830  676  
1842  672  
1858  667  
1877  662  
1897  658  
1932  650  
1960  644  
1990  637  
2023  631  
2059  624  
2114  612  
2153  604  
2193  596  
2232  589  
2267  582  
2313  573  
2338  568  
2360  563  
2377  560  
2389  557  
2396  556  
2399  556  
2399  556  
2394  558  
2384  560  
2368  564  
2336  571  
2309  578  
2278  585  
2243  592  
2208  598  
2155  604  
2120  609  
2088  614  
2059  619  
2032  623  
2008  627  
1978  632  
1960  635  
1944  638  
1928  642  
1911  647  
1888  652  
1874  655  
1860  658  
1847  661  
1835  663  
1824  665  
1809  669  
1800  671  
1791  674  
1785  676  
1779  678  
1773  680  
1769  682  
1766  682  
1765  683  
1765  683  
1765  683  
1767  683  
1770  683  

