1601  735  
1600  736  
1602  739  
1602  740  
1572  591  
1583  584  
1598  588  
1619  601  
1644  621  
1673  650  
1719  712  
1744  764  
1760  811  
1765  848  
1760  876  
1738  905  
1716  917  
1678  917  
1621  907  
1570  892  
1539  875  
1505  838  
1487  800  
1477  752  
1476  704  
1484  665  
1510  623  
1532  605  
1557  594  
1581  594  
1599  605  
1613  642  
1616  674  
1613  707  
1604  740  
1586  773  
1557  806  
1491  851  
1431  876  
1379  895  
1334  919  
1278  946  
1204  967  
1179  971  
1157  973  
1138  976  

