1229  919  
1232  911  
1097  20  
1106  32  
1113  49  
1119  65  
1126  82  
1132  102  
1139  125  
1147  149  
1157  184  
1162  208  
1167  232  
1172  255  
1177  279  
1184  317  
1187  345  
1191  373  
1195  401  
1197  427  
1200  462  
1201  484  
1203  504  
1204  524  
1206  545  
1206  563  
1205  588  
1205  602  
1205  615  
1205  626  
1207  636  
1211  651  
1214  660  
1216  667  
1218  674  
1218  680  
1220  688  
1220  693  
1221  698  
1221  704  
1222  708  
1222  713  
1223  720  
1223  724  
1224  728  
1224  733  
1224  737  
1224  739  
1223  741  
1222  739  
1502  498  
1497  506  
1490  515  
1490  524  
1493  525  
1496  525  
1500  521  
1504  516  
1507  511  
1507  509  
1507  509  
1510  509  
1510  508  
1700  854  
1695  851  
1692  848  
1694  850  
1693  850  
1695  852  
1700  855  
1708  860  
1719  867  
1731  875  
1759  888  
1787  895  
1819  904  
1852  914  
1877  926  
1911  953  
1939  976  
1977  998  
2019  1013  

