1137  1306  
1173  1308  
1209  1308  
1243  1308  
1276  1308  
1307  1305  
1352  1299  
1380  1296  
1403  1295  
1421  1295  
1433  1295  
1447  1296  
1454  1296  
1463  1296  
1471  1295  
1474  1293  
2080  756  
2089  748  
2096  740  
2103  733  
2104  717  
2096  701  
2078  683  
2052  665  
2021  649  
1964  630  
1916  625  
1862  626  
1806  634  
1755  647  
1714  664  
1677  698  
1669  730  
1676  766  
1694  803  
1718  837  
1755  893  
1780  938  
1808  984  
1832  1021  
1844  1050  
1839  1075  
1796  1111  
1751  1134  
1702  1151  
1645  1163  
1578  1170  
1455  1170  
1367  1164  
1286  1152  
1208  1133  
1135  1112  
1046  1080  
1014  1060  
1001  1039  
1003  1013  
1016  979  
1044  941  
1129  889  
1187  859  
1244  838  

