662  1120  
641  1105  
623  1082  
621  1064  
627  1043  
638  1021  
648  998  
663  959  
677  936  
693  915  
714  902  
742  896  
783  891  
2220  741  
2204  746  
2177  754  
2124  774  
2083  787  
2034  800  
1975  815  
1914  831  
1806  856  
1733  863  
1664  868  
1586  881  
1518  903  
1419  926  
1370  933  
1329  939  
1286  942  
1249  938  
1228  926  
1223  896  
1235  872  
1260  849  
1289  828  
1315  806  
1354  763  
1385  735  
1418  712  
1450  695  
1478  686  
1508  683  
1521  685  
1530  691  
1535  703  
1535  719  
1529  739  
1508  776  
1484  800  
1448  820  
1409  835  
1376  846  
1331  859  
1285  868  
1231  882  
1190  895  
1163  903  
1129  902  
1108  898  
1091  893  
1082  890  
1079  888  
1079  888  
1084  898  
1090  917  
1095  944  
1097  973  
1094  1003  
1072  1042  
1048  1069  
1017  1094  
978  1118  
934  1137  
872  1152  
840  1150  
815  1140  
794  1119  
779  1092  
772  1061  
780  1004  
794  954  
813  901  
834  862  
861  837  
917  813  
957  806  
1409  895  
1407  894  
1407  896  
1408  902  
1409  911  
1409  921  
1409  928  
1408  935  
1407  936  
1407  936  
1406  934  
1405  931  
1405  917  
1405  903  
1409  888  
1413  873  
1419  857  
1430  833  
1438  817  
1450  800  

