1352  868  
1375  876  
1394  880  
1418  882  
1446  884  
1474  884  
1496  883  
1519  882  
1531  882  
1542  880  
1554  878  
1565  877  
1574  876  
1578  875  
1579  875  
1581  875  
1582  875  
1585  876  
1588  877  
1593  880  
1598  882  
1535  1017  
1516  998  
1498  981  
1483  960  
1467  935  
1449  893  
1447  869  
1455  850  
1473  838  
1499  834  
1526  837  
1560  853  
1574  873  
1582  912  
1580  969  
1570  1016  
1540  1052  
1509  1072  
1366  1131  
1299  1152  
1260  1164  

