1481  864  
1499  861  
1512  858  
1267  752  
2327  898  
2314  894  
2291  890  
2266  895  
2232  902  
2167  914  
2124  918  
2089  917  
2048  914  
1988  915  
1908  927  
1871  937  
1826  945  
1777  953  
1739  961  
1693  977  
1645  985  
1592  985  
1551  978  
1522  970  
1492  963  
1432  953  
1396  944  
1367  931  
1334  912  
1287  893  
1218  879  
1194  875  
1176  871  
1161  864  
1149  856  
1142  845  
1146  836  
1158  826  
1180  812  
1209  797  
1245  783  
1299  770  
1334  767  
1368  769  
1403  774  
1439  782  
1486  800  
1505  810  
1515  819  
1519  827  
1516  835  
1497  850  
1471  861  
1435  871  
1398  877  
1364  878  
1322  880  
1225  899  
1174  921  
1120  937  
1059  947  
1011  958  
924  980  
860  990  
820  995  
786  999  
745  1004  
693  1013  
676  1018  
663  1022  
655  1025  
650  1028  
649  1030  
653  1034  
663  1033  
673  1031  
1231  646  
1239  641  
1238  650  
2327  985  
2332  984  
2331  986  
2322  989  
2304  995  
2282  1000  
2241  1005  
2208  1010  
2171  1017  
2134  1024  
2099  1032  
2039  1041  

