1472  876  
1444  875  
1412  869  
1396  862  
1383  854  
1373  845  
1365  835  
1357  820  
1356  810  
1357  800  
1362  788  
1373  776  
1397  759  
1417  748  
1441  740  
1467  735  
1494  733  
1516  734  
1541  741  
1552  749  
1561  761  
1569  775  
1576  791  
1584  813  
1585  827  
1584  839  
1580  850  
1573  863  
1562  878  
1545  913  
1534  943  
1522  970  
1508  992  
1420  1045  
1394  1058  
1369  1071  
1343  1082  
1295  1096  
1259  1101  
1223  1103  
1190  1104  
1158  1103  
1125  1101  
1076  1100  
1046  1099  
1021  1100  
1000  1102  
981  1103  
959  1104  
950  1104  
944  1104  
941  1104  
941  1104  
940  1104  
940  1104  
943  1105  
949  1106  
2380  766  

