1143  1081  
1385  711  
1390  714  
1394  715  
1634  720  
1664  1050  
1648  1045  
1626  1042  
1601  1035  
1569  1015  
1552  990  
1538  960  
1527  927  
1522  897  
1525  865  
1535  848  
1552  835  
1575  825  
1603  822  
1635  826  
1681  844  
1706  865  
1724  894  
1735  932  
1738  971  
1729  1022  
1711  1051  
1680  1081  
1641  1113  
1597  1145  
1529  1185  
1483  1201  
1439  1211  
1400  1214  
1363  1210  
1328  1201  
1274  1181  
1239  1162  
1133  1043  
1128  1020  
1129  997  
1138  971  
1154  942  
1174  908  
1213  863  
1248  844  
1281  834  
1307  829  
1318  824  
1630  716  
1677  712  
1695  711  
1711  710  
1725  710  
1732  710  
1625  394  
1628  399  
1630  416  
1635  445  
1640  485  
1644  570  
1642  641  
1637  726  
1629  811  
1615  901  
1602  1007  
1590  1105  
1579  1147  
1560  1181  
1532  1202  
1493  1214  
1416  1214  
1360  1204  
1304  1189  
1248  1173  
1192  1155  
1112  1129  
1071  1112  
1051  1094  
1049  1071  
1061  1046  
1104  1014  
1142  993  
1175  970  
1209  940  
1254  902  
1275  884  
1370  779  
1363  800  
1355  816  
1349  828  

