1396  958  
1407  976  
1429  990  
1463  1003  
1499  1016  
1529  1031  
1575  1055  
1609  1071  
1639  1087  
1661  1103  
1675  1121  
1685  1147  
1685  1161  
1679  1173  
1669  1183  
1653  1190  
1619  1197  
1587  1200  
1548  1202  
1499  1203  
1443  1203  
1388  1203  
1312  1201  
1260  1197  
1207  1192  
1151  1186  
1092  1180  
1013  1168  
971  1160  
933  1149  
898  1138  
867  1126  
831  1111  
814  1102  
799  1094  
788  1085  
780  1076  
776  1067  
777  1055  
782  1047  
791  1038  
803  1029  
815  1020  
832  1005  
845  991  
862  973  
881  955  
902  937  
924  919  
958  899  
975  893  
988  889  
998  885  
1008  883  
1026  879  
1042  877  
1060  875  
1068  872  
847  1294  
836  1289  
832  1286  
840  1285  
853  1282  
873  1280  
898  1278  
924  1277  
966  1278  
993  1281  
1020  1287  
1049  1293  
1083  1298  

