1049  848  
1087  837  
1126  825  
1158  815  
1474  779  
1474  784  
1476  795  
1478  811  
1479  834  
1480  847  
1481  858  
1483  867  
1485  875  
1488  886  
1322  819  
1316  835  
1311  860  
1302  910  
1276  1012  
1260  1052  
1251  1074  
1246  1084  
1245  1087  
1245  1085  
1251  1066  
1259  1044  
1271  1008  
1284  943  
1293  877  
1300  821  
1306  789  
1316  758  
1332  730  
1353  709  
1394  690  
1425  685  
1484  689  
1508  698  
1526  710  
1544  731  
1549  746  
1549  762  
1542  780  
1525  796  
1481  816  
1438  825  
1393  831  
1356  834  
1324  837  
1274  842  
1246  846  
1228  852  

