1309  795  
1309  816  
1319  829  
1346  842  
1370  846  
1397  846  
1427  846  
1453  848  
1470  852  
1478  864  
1469  877  
1450  893  
1426  911  
1399  932  
1366  965  
1348  988  
1332  1005  
1321  1012  
1319  1013  
1327  1002  
2202  334  
2203  331  
2189  347  
2169  364  
2143  384  
2114  405  
2079  424  
2038  443  
1963  472  
1908  491  
1850  513  
1791  538  
1733  566  
1650  607  
1601  631  
1556  657  
1517  688  
1488  722  
1467  772  
1470  800  
1487  820  
1513  832  
1543  839  
1575  843  
1641  858  
1683  877  
1712  908  
1728  944  
1735  976  
1733  1014  
1723  1030  
1705  1044  
1675  1057  
1633  1067  
1562  1077  
1513  1082  

