2317  1098  
2320  1098  
2319  1098  
2316  1097  
2308  1091  
1316  401  
1310  398  
1296  401  
1281  413  
1261  428  
1224  459  
1198  485  
1172  518  
1149  554  
1131  591  
1121  633  
1125  652  
1137  665  
1155  670  
1178  668  
1219  658  
1248  648  
1277  638  
1301  630  
1317  625  
1323  624  
1321  626  
1312  632  
1293  644  
1268  661  
1240  680  
1195  719  
1164  755  
1134  793  
1103  827  
1075  857  
1048  905  
1040  942  
1035  980  
1035  1012  
1040  1037  
1050  1060  
1078  1092  
1104  1113  
1132  1133  
1160  1151  
1188  1165  
1234  1181  
1266  1189  
1301  1195  
1336  1201  
1372  1204  
1439  1205  
1488  1203  
1536  1201  
1582  1199  
1629  1197  
1677  1195  
1753  1192  
1811  1189  
1870  1185  
1923  1180  
1970  1175  
2037  1167  
2082  1161  
2127  1153  
2173  1146  
2216  1140  
2252  1137  
2294  1135  
2312  1135  
2324  1136  
2331  1138  
2335  1140  
2338  1143  
2338  1145  
2334  1142  
2326  1138  
1455  376  
1459  377  
1461  379  
1461  379  
1457  379  
1450  379  
1437  379  
1411  382  
1393  384  
1375  387  
1357  390  
1338  395  
1315  402  
1277  414  
1253  423  
1233  433  
1217  443  
1204  454  
1188  470  
1180  481  

