1306  996  
1279  1048  
1249  1074  
1209  1101  
1155  1129  
1086  1152  
990  1161  
940  1148  
897  1121  
866  1087  
847  1049  
846  954  
881  878  
939  831  
996  797  
1060  762  
1094  744  
1436  535  
1725  743  
1725  743  
1727  742  
1733  741  
1739  740  
1746  739  
1754  738  
1763  736  
1781  732  
1797  729  
1815  726  
1835  722  
1855  717  
1883  709  
1902  704  
1921  699  
1938  694  
1955  690  
1972  687  
1994  684  
2005  682  
2013  682  
2018  681  
2020  681  
2021  681  
2021  681  
2021  681  
2020  682  
2020  683  
2020  686  
2022  687  
2065  666  
2054  673  
2032  683  
1976  710  
1925  734  
1861  764  
1786  793  
1711  813  
1601  837  
1532  858  
1464  875  
1401  880  
1359  877  
1313  864  
1291  855  
1279  845  
1278  835  
1286  823  
1300  811  
1331  793  
1355  784  
1378  778  
1398  776  
1413  779  
1422  790  
1418  802  
1402  816  
1379  829  
1355  839  
1310  854  
1262  869  
1213  896  
1176  929  
1139  955  
1090  975  
1025  1005  
994  1025  
959  1042  
918  1054  
879  1063  
829  1071  
796  1072  
764  1071  
738  1065  
718  1056  
706  1045  
703  1021  
715  995  
740  958  
773  917  
804  880  
863  837  
889  827  
1260  689  
2040  759  
2031  765  
2011  782  
1982  798  
1927  823  
1884  840  
1826  855  
1759  864  
1697  866  
1623  874  
1522  908  
1458  927  
1397  937  
1351  944  
1302  947  
1227  942  
1199  932  
1186  919  
1179  904  
1178  889  
1188  862  
1203  844  
1223  828  
1247  813  
1273  800  
1297  790  
1329  785  
1350  786  
1366  791  
1380  798  
1392  808  
1408  824  
1414  835  
1417  846  
1417  857  
1412  869  
1398  885  
1385  895  
1372  907  

