1930  725  
1909  728  
1885  730  
1857  732  
1823  734  
1764  737  
1725  738  
1686  739  
1648  740  
1608  741  
1547  746  
1501  748  
1452  750  
1402  751  
1358  752  
1296  753  
1255  755  
1213  760  
1172  765  
1127  770  
1081  772  
1020  773  
988  773  
960  772  
935  771  
913  769  
886  765  
873  760  
863  753  
855  745  
850  736  
845  720  
844  708  
843  694  
845  680  
848  666  
852  651  
857  631  
862  618  
866  606  
869  594  
872  584  
875  572  
877  566  
878  561  
878  559  
879  558  
879  559  
884  564  
1439  918  
1435  921  
1434  926  
1434  929  

