2284  780  
2260  786  
2213  796  
2174  802  
2131  806  
2089  809  
2045  810  
1976  814  
1936  817  
1905  818  
1880  815  
1863  807  
1847  787  
1843  767  
1842  744  
1842  722  
1843  703  
1843  687  
1843  673  
1843  670  
1842  671  
1842  676  
1841  686  
1839  707  
1837  724  
1834  743  
1828  763  
1818  783  
1803  800  
1772  819  
1748  827  
1722  832  
1693  833  
1655  835  
1582  839  
1535  845  
1481  847  
1422  845  
1372  837  
1305  823  
1261  815  
1226  807  
1203  797  
1187  783  
1177  756  
1181  737  
1193  718  
1211  701  
1235  688  
1260  681  
1295  675  
1318  673  
1340  672  
1361  669  
1382  666  
1473  618  
1467  619  
1465  618  
1472  618  
1495  619  
1517  618  
1541  616  
1567  614  
1591  613  
1624  611  
1643  610  
1657  610  
1666  610  
1671  610  
1673  613  
1671  614  
2042  698  
2047  705  
2052  717  
2058  732  
2064  750  
2073  779  
2078  798  
2081  817  
2082  834  
2076  850  
2049  870  

