1100  1025  
1077  1023  
1073  1022  
1077  1021  
1095  1019  
1121  1011  
1327  778  
1332  772  
1345  773  
1362  777  
1396  786  
1422  790  
1450  791  
1477  791  
1522  793  
1532  795  
1538  796  
1542  797  
1547  800  
1547  799  
1584  1039  
1560  1029  
1543  1021  
1526  1009  
1496  980  
1473  957  
1454  931  
1447  906  
1452  887  
1469  873  
1506  859  
1533  854  
1563  854  
1595  859  
1629  871  
1671  901  
1688  928  
1695  957  
1691  987  
1674  1013  
1621  1038  
1578  1046  
1540  1050  
1497  1055  
1445  1063  
1394  1072  
1324  1086  
1275  1095  
1229  1101  
1190  1105  
1159  1105  
1131  1102  
1123  1099  
1124  1095  
1136  1088  

