1063  1084  
1062  1084  
1062  1084  
1063  1084  
1067  1085  
1071  1086  
1075  1086  
1075  1085  
1073  1085  
1068  1085  
1061  1087  
1061  1088  
1207  1092  
1209  1090  
1209  1090  
1203  1091  
1199  1092  
1198  1094  
1198  1095  
1202  1096  
1209  1096  
1212  1095  
1212  1094  
1212  1093  
1210  1092  
1207  1092  
1206  1094  
1203  1095  
1201  1097  
1579  755  
1584  755  
1583  756  
1574  759  
1559  762  
1536  765  
1503  769  
1439  772  
1398  772  
1363  767  
1333  761  
1308  752  
1288  741  
1263  723  
1247  713  
1231  704  
1212  700  
1192  701  
1162  712  
1146  724  
1137  737  
1137  751  
1145  767  
1166  789  
1182  803  
1198  816  
1214  828  
1229  840  
1241  852  
1246  873  
1234  894  
1214  920  
1190  942  
1160  954  
1088  962  
1038  964  
998  961  
941  951  
875  932  
817  902  
788  886  
758  869  
732  849  
715  827  
708  801  
721  750  
744  716  
776  687  
817  664  
864  647  
940  630  
965  625  
1860  849  
1860  848  
1850  852  
1796  862  
1747  864  
1700  862  
1644  859  
1587  861  
1549  864  
1515  859  
1499  848  
1489  832  
1483  809  
1479  776  
1467  720  
1449  688  
1424  661  
1393  639  
1360  621  
1336  607  
1336  587  
1370  573  
1427  559  
1496  547  
1561  542  

