1771  855  
1751  858  
1745  860  
1751  860  
1770  857  
1787  854  
1803  851  
1815  849  
1821  848  
1822  847  
1820  847  
1813  847  
1798  847  
1777  848  
1752  848  
1715  846  
1687  844  
1653  843  
1613  843  
1574  847  
1528  855  
1497  858  
1462  858  
1431  857  
1410  855  
1396  854  
1383  854  
1380  855  
1380  857  
1383  860  
1392  862  
1401  862  
1724  632  
1724  627  
1725  623  
1726  624  
1730  629  
1738  642  
1743  655  
1746  668  
1747  682  
1744  697  
1730  722  
1716  740  
1700  760  
1681  780  
1659  796  
1633  806  
1586  817  
1556  819  
1527  817  
1500  810  
1478  795  
1456  761  
1450  737  
1449  714  
1455  692  

