1656  666  
1635  676  
1611  686  
1574  702  
1548  713  
1521  724  
1489  734  
1452  744  
1392  761  
1356  770  
1324  776  
1295  780  
1267  782  
1231  786  
1212  787  
1197  790  
1186  792  
1178  793  
1173  793  
1171  792  
1174  784  
2249  793  
2237  788  
2223  790  
2204  792  
2178  793  
2130  793  
2096  791  
2063  790  
2029  790  
1994  793  
1958  799  
1905  811  
1869  821  
1830  831  
1793  839  
1765  846  
1743  857  
1738  865  
1737  870  
1739  874  
1746  877  
1767  878  
1788  876  
1811  870  
1833  862  
1847  852  
1853  842  
1849  832  
1841  829  
1827  832  
1809  840  
1788  851  
1766  866  
1760  872  
1760  874  
1762  874  
1768  871  
1784  863  
1794  858  
1799  856  
1797  854  
1787  854  

