1387  888  
1320  906  
1233  938  
1148  970  
1070  997  
997  1026  
891  1055  
834  1066  
791  1076  
753  1084  
723  1089  
702  1093  
700  1093  
706  1094  
722  1091  
749  1087  
2328  874  
2310  880  
2262  891  
2226  900  
2182  908  
2137  913  
2094  916  
2034  918  
1920  933  
1861  943  
1795  949  
1731  951  
1662  952  
1554  943  
1510  934  
1463  920  
1420  901  
1391  881  
1365  849  
1356  831  
1352  812  
1354  791  
1364  769  
1379  748  
1418  727  
1452  720  
1487  718  
1518  724  
1545  734  
1576  759  
1590  780  
1598  800  
1598  818  
1590  835  
1575  853  
1545  887  
1521  917  
1488  946  
1443  971  
1395  997  
1322  1033  
1260  1050  
1201  1065  
1143  1081  
1079  1099  
995  1125  
952  1138  
916  1146  
890  1151  
872  1152  
859  1151  
862  1149  
865  1145  
2281  826  
2263  834  
2238  843  
2204  850  
2161  856  
2090  855  
2029  852  
1955  856  
1890  868  
1821  878  
1716  879  
1639  880  
1559  894  
1493  913  
1426  923  
1345  933  
1280  941  
1215  949  
1174  953  
1141  955  
1104  956  
1056  957  
1036  957  
1020  957  
1009  957  
999  958  
985  959  
977  960  
969  961  
943  963  
937  963  
931  962  
927  962  
924  962  
921  961  
919  961  
919  961  
918  960  
917  960  
917  960  
917  960  
917  960  
917  960  
917  960  
917  960  
917  960  
917  960  
917  960  
917  960  

