1298  828  
1339  828  
1382  839  
1298  1287  
1293  1283  
1293  1279  
1297  1277  
1308  1276  
1320  1274  
1591  1271  
2373  741  
2372  740  
2361  737  
2345  741  
2323  746  
2208  769  
2165  776  
2120  784  
2076  791  
2033  799  
1988  806  
1930  817  
1902  823  
1877  826  
1857  827  
1840  822  
1823  809  
1817  795  
1813  777  
1811  755  
1809  734  
1808  708  
1808  700  
1808  698  
1808  700  
1808  706  
1808  719  
1807  745  
1808  765  
1810  786  
1811  804  
1811  821  
1806  841  
1799  851  
1789  860  
1777  866  
1760  870  
1731  872  
1711  872  
1684  871  
1644  871  
1596  877  
1556  886  
1510  898  
1478  902  
1449  902  
1429  901  
1420  901  
1416  906  
1421  910  
1519  1044  
1740  1020  
1925  966  
1928  966  
1930  959  
1934  947  
1943  925  
1958  883  

