649  850  
1397  882  
1398  884  
1399  884  
1402  883  
1411  878  
1419  882  
2340  832  
2331  830  
2310  832  
2280  838  
2243  845  
2173  853  
2124  854  
2073  849  
2008  846  
1940  852  
1881  866  
1782  879  
1724  879  
1670  877  
1608  880  
1563  885  
1529  891  
1512  890  
1500  887  
1492  886  
1483  881  
1423  756  
1535  756  
1586  758  
1635  764  
1699  781  
1728  793  
1746  804  
1751  813  
1743  820  
1704  829  
1658  833  
1599  842  
1539  856  
1471  870  
1363  875  
1286  877  
1209  891  
1151  910  
1089  924  
1034  934  
983  947  
943  955  
908  960  
889  963  
885  966  
897  971  
1376  999  
2359  817  
2365  814  

