1229  1172  
1207  1179  
1197  1182  
2230  801  
2205  802  
2171  810  
2133  821  
2065  834  
2006  844  
1939  862  
1879  890  
1816  913  
1728  931  
1677  932  
1614  922  
1567  904  
1545  884  
1533  854  
1530  834  
1533  813  
1543  793  
1560  777  
1583  768  
1629  773  
1662  788  
1691  810  
1714  835  
1728  861  
1733  907  
1723  948  
1700  991  
1657  1025  
1600  1043  
1525  1057  
1471  1070  
1413  1083  
1364  1095  
1320  1106  
1279  1113  
1232  1117  
1213  1115  
1204  1112  
1219  1125  
2267  905  
2259  909  
2236  923  
2214  933  
2186  941  
2156  947  
2127  952  
2082  961  
2033  973  
1968  986  
1914  992  
1873  994  
1796  1000  
1747  1005  
1708  1011  
1662  1014  

