1220  1069  
1204  1068  
1195  1066  
1193  1060  
1273  803  
1269  806  
1273  806  
1278  804  
1280  802  
1281  800  
1284  798  
1287  797  
1292  797  
1297  793  
1408  649  
1503  810  
1511  808  
1516  808  
1140  498  
1112  492  
1104  480  
1111  471  
1144  452  
1177  437  
1221  422  
1273  408  
1334  398  
1438  396  
1625  430  
1669  447  
1716  477  
1734  498  
1737  521  
1723  546  
1691  575  
1646  605  
1574  653  
1523  691  
1461  736  
1395  783  
1337  821  
1252  872  
1204  936  
1182  1002  
1170  1041  
1165  1075  
1174  1122  
1193  1150  
1224  1170  
1265  1182  
1315  1186  
1371  1184  
1473  1170  
1543  1158  
1607  1146  
1663  1136  
1710  1127  
1772  1116  
1811  1110  
1842  1106  
1863  1104  
1875  1103  
1883  1101  
1883  1101  
1561  896  
1557  893  
1553  896  
1551  905  
1554  906  
1559  902  
1565  893  
1571  885  
1575  880  
1576  880  
1574  887  
1571  900  
1555  711  

