1445  1283  
1468  1281  
1487  1280  
1504  1276  
2327  820  
2306  823  
2286  827  
2262  832  
2231  838  
2192  843  
2130  844  
2094  842  
2060  837  
2023  833  
1980  829  
1937  829  
1876  830  
1827  831  
1775  830  
1732  829  
1695  828  
1627  832  
1578  844  
1536  861  
1501  881  
1469  904  
1441  942  
1442  968  
1459  992  
1486  1012  
1519  1029  
1554  1045  
1611  1066  
1644  1080  
1665  1095  
1675  1114  
1675  1135  
1656  1165  
1633  1181  
1601  1193  
1559  1203  
1507  1207  
1411  1207  
1344  1201  
1277  1191  
1210  1179  
1143  1164  
1080  1147  
1012  1120  
987  1103  
978  1088  
986  1069  
1009  1045  
1071  1010  
1125  994  
1171  988  
1212  994  
1263  1003  
1287  1007  
1220  1325  
1225  1328  
1231  1328  
1487  1305  
2401  805  
2408  809  
2410  812  
2407  815  
2399  818  
2375  820  
2350  819  
2319  815  
2285  811  
2248  807  
2180  802  
2128  796  
2074  788  
2020  782  
1968  778  
1918  777  
1833  782  
1767  786  
1510  838  
1465  856  
1428  875  
1407  895  
1395  920  

