1966  680  
1934  682  
1900  685  
1854  688  
1826  689  
1802  689  
1783  688  
1769  685  
1755  680  
1748  675  
1742  669  
1738  664  
1734  658  
1731  652  
1730  651  
1750  671  
1766  685  
1794  710  
1812  728  
1827  746  
1838  764  
1843  781  
1841  802  
1831  814  
1813  823  
1789  830  
1760  833  
1721  831  
1700  826  
1681  818  
1665  805  
1653  788  
1644  765  
1638  730  
1640  708  
1647  686  
1659  668  
1672  652  
1689  635  
1697  630  
1702  628  
1702  627  
1701  631  
1690  645  
1678  660  
1662  675  
1641  690  
1617  708  
1588  727  
1542  749  
1509  759  
1475  764  
1441  764  
1409  761  
1369  758  
1348  759  
1333  763  
1324  771  
1319  784  
1317  811  
1321  832  
1327  856  
1334  893  
1338  947  
1338  1000  
1330  1048  
1325  1072  
1319  1096  
1313  1120  
1309  1141  
1302  1164  
1300  1172  
1299  1176  
1299  1178  
1301  1180  
1309  1183  
1320  1183  
2362  753  
2359  752  
2358  752  
2351  756  
2338  762  
2310  773  
2285  780  
2256  785  
2223  789  
2189  790  
2137  791  
2103  791  
2070  789  
2037  788  
2002  787  
1968  786  
1922  787  
1895  788  
1871  788  
1850  788  
1832  787  
1808  782  
1795  778  
1783  772  
1772  765  
1762  756  
1755  741  
1755  732  
1759  721  
1769  709  
1785  696  
1803  686  
1833  676  
1853  672  
1870  672  
1886  675  
1900  681  
1917  691  
1925  700  
1930  710  
1931  719  
1929  727  
1914  735  
1897  739  
1876  745  
1851  753  
1822  765  
1790  779  
1742  796  
1713  804  
1686  808  
1660  809  
1634  811  
1597  812  
1575  813  
1556  814  
1535  815  
1514  815  
1475  814  
1447  812  
1420  810  
1396  807  
1376  805  
1359  802  
1335  800  
1320  800  
1305  800  
1292  801  
1279  802  
1266  804  
1259  804  
1255  805  
1253  806  
1251  807  
1249  808  

