2384  914  
2386  914  
2389  913  
2390  913  
2392  913  
2393  912  
2394  912  
2395  912  
2396  911  
2397  911  
2397  911  
2397  910  
2398  910  
2398  910  
2399  909  
2399  909  
2399  909  
2399  909  
2399  909  
2399  909  
2397  908  
2393  908  
2385  907  
2374  906  
2350  905  
2331  906  
2310  907  
2286  908  
2261  909  
2222  904  
2196  897  
2171  888  
2151  877  
2134  865  
2120  846  
2117  834  
2118  823  
2125  811  
2138  799  
2157  789  
2196  778  
2226  773  
2255  771  
2284  771  
2311  775  
2348  786  
2369  796  
2386  806  
2399  818  
2410  830  
2419  845  
2420  854  
2417  862  
2409  871  
2397  882  
2381  893  
2354  909  
2332  918  
2308  927  
2281  935  
2252  943  
2202  955  
2165  965  
2130  978  
2098  993  
2064  1008  
1987  1021  
1936  1020  
1897  1015  
1857  1011  
1809  1009  
1759  1009  
1702  1015  
1651  1018  
1591  1015  
1544  1007  
1504  1000  
1428  995  
1384  997  

