1360  797  
1363  802  
1370  806  
2427  838  
2435  832  
2433  831  
2423  831  
2403  831  
2358  833  
2321  833  
2283  834  
2241  835  
2195  836  
2145  836  
2073  830  
2021  828  
1966  829  
1916  836  
1869  844  
1785  852  
1737  852  
1700  849  
1662  848  
1621  850  
1574  857  
1558  861  
1548  864  
1542  867  
1537  871  
1533  873  
1535  874  
2001  308  
2001  291  
1996  280  
1982  286  
1958  296  
1928  310  
1893  326  
1836  354  
1796  374  
1751  397  
1701  423  
1650  451  
1599  482  
1530  531  
1493  563  
1465  594  
1447  624  
1440  654  
1455  692  
1482  713  
1519  727  
1559  736  
1600  741  
1658  750  
1687  757  
1706  766  
1716  774  
1718  782  
1713  792  
1691  810  
1663  820  
1626  828  

