1332  341  
1339  363  
1352  392  
1360  410  
1367  427  
1372  443  
1377  457  
1387  475  
1398  486  
1411  498  
1424  509  
1440  523  
1464  548  
1479  567  
1492  589  
1503  613  
1513  636  
1522  659  
1531  696  
1534  723  
1534  751  
1534  782  
1532  810  
1529  845  
1526  868  
1522  893  
1519  925  
1516  960  
1514  1006  
1512  1028  
1510  1047  
1505  1066  
1498  1083  
1489  1099  
1474  1125  
1464  1142  
1453  1159  
1443  1174  
1431  1188  
1411  1212  
1398  1227  
1386  1240  
1377  1253  
1368  1266  
1355  1289  
1346  1305  
1337  1322  
1330  1340  
1324  1358  
1320  1375  
1315  1397  
1313  1408  
1313  1415  
1314  1418  
1317  1416  
1317  1410  
1292  459  
1289  462  
1286  466  
1286  477  
1287  494  
1291  527  
1294  551  
1298  573  
1304  591  
1312  602  
1323  610  
1331  612  
1340  612  
1350  605  
1361  592  
1375  565  
1380  543  
1381  517  
1379  490  
1373  465  
1366  444  
1354  424  
1348  418  
1346  416  
1346  418  
1347  418  
1336  410  
1310  402  

