1307  298  
1320  342  
1330  377  
1342  416  
1356  461  
1372  511  
1400  594  
1420  651  
1440  716  
1462  786  
1485  850  
1511  945  
1527  1016  
1545  1076  
1562  1132  
1577  1190  
1591  1241  
1610  1309  
1619  1348  
1627  1381  
1632  1408  
1634  1430  
1634  1452  
1632  1461  
1632  1467  
1631  1461  
1304  26  
1305  6  
1304  3  
1302  4  
1293  8  
1276  16  
1238  33  
1206  47  
1171  66  
1136  91  
1106  117  
1077  153  
1072  169  
1078  180  
1093  186  
1117  186  
1149  180  
1207  163  
1249  149  
1291  133  
1331  119  
1363  108  
1388  101  
1391  102  
1383  108  
1361  121  
1325  143  
1277  172  
1192  223  
1127  262  
1058  305  
989  352  
919  398  
826  458  
773  495  
726  528  
687  554  
656  574  
626  592  
615  599  
609  602  
606  605  
606  606  
607  607  
619  609  
625  609  
1676  235  
1667  238  
1654  247  
1637  258  
1619  270  

