1855  886  
1801  892  
1778  894  
1767  894  
1761  895  
1760  895  
1761  895  
1763  893  
1766  888  
1774  876  
1787  857  
1805  829  
1831  764  
1842  711  
1848  661  
1853  611  
1859  560  
1869  483  
1872  438  
1873  402  
1874  374  
1874  353  
1873  332  
1873  325  
1872  322  
1872  322  
1873  326  
1875  337  
1880  375  
1883  411  
1884  457  
1881  511  
1872  571  
1855  660  
1845  712  
1832  763  
1812  808  
1789  840  
1748  878  
1722  907  
1689  948  
1637  990  
1583  1014  
1543  1019  
1486  1015  
1436  1008  
1392  1001  
1361  990  
1333  973  
1285  925  
1263  889  
1259  863  
1269  844  
1286  832  
1326  818  
1361  806  
1401  792  
1444  774  
1461  762  
1587  608  
1599  627  
1601  637  
1601  650  
1597  672  
1592  687  
1587  703  
1581  729  
1578  734  
1577  732  
2260  846  
2262  837  
2263  834  
2263  834  
2263  836  
2262  840  
2256  843  
2246  848  
2230  855  
2210  862  
2168  872  
2138  876  
2110  877  
2083  876  
2047  873  
1995  872  
1920  879  
1888  887  
1857  894  
1818  897  

