1377  883  
1379  879  
1382  877  
1387  881  
1388  890  
1330  734  
1316  731  
1298  727  
1276  720  
1250  709  
1212  685  
1188  664  
1169  640  
1155  614  
1148  587  
1148  561  
1165  522  
1218  476  
1257  458  
1304  446  
1386  441  
1444  445  
1500  455  
1551  469  
1597  485  
1653  518  
1678  542  
1692  566  
1694  592  
1684  619  
1661  646  
1607  687  
1561  713  
1507  738  
1445  761  
1381  780  
1293  801  
1235  816  
1183  835  
1133  856  
1084  877  
1039  916  
1027  955  
1023  995  
1026  1029  
1041  1057  
1072  1084  
1144  1119  
1200  1136  
1263  1146  
1332  1149  
1408  1146  
1535  1130  
1616  1113  
1692  1093  
1767  1070  
1842  1051  
1928  1028  
1988  1003  
2047  963  
2081  923  

