1497  811  
1509  852  
1518  895  
1526  949  
1542  1026  
1554  1058  
1563  1082  
1568  1104  
1569  1123  
1570  1135  
1571  1135  
1571  1129  
1492  353  
1498  331  
1494  315  
1483  312  
1467  317  
1445  328  
1420  344  
1397  363  
1379  382  
1371  403  
1379  412  
1400  416  
1428  416  
1459  414  
1498  412  
1514  412  
1516  415  
1504  422  
1480  432  
1429  453  
1398  469  
1374  485  
1358  502  
1352  508  
1439  567  
1438  563  
1445  565  
1456  566  
1474  565  
1517  556  
1552  544  
1589  529  
1625  513  
1660  494  
1703  464  
1719  445  
1723  427  

