1114  1028  
1103  1004  
1103  971  
1113  931  
1144  869  
1171  836  
1196  811  
1223  791  
1252  776  
1296  760  
2180  717  
2176  718  
2154  728  
2124  741  
2089  756  
2030  782  
1983  800  
1934  819  
1887  839  
1837  857  
1755  875  
1715  878  
1677  881  
1635  886  
1600  891  
1582  890  
1580  878  
1594  864  
1620  848  
1650  832  
1678  816  
1717  792  
1739  780  
1751  774  
1755  773  
1752  777  
1728  796  
1704  811  
1677  824  
1640  837  
1593  855  
1546  884  
1468  941  
1406  980  
1353  1017  
1294  1044  
1236  1062  
1174  1081  
1145  1088  
1127  1090  
1120  1091  
1118  1093  
1112  1108  
1099  1131  
1080  1159  
1056  1185  
1031  1207  
1006  1224  
968  1240  
945  1240  
926  1229  
913  1206  
909  1170  
921  1103  
951  1060  
990  1012  
1026  959  
1046  932  
1430  733  
1459  681  
1484  656  
1502  646  
1518  641  
1534  642  
1548  650  
1560  667  
1569  710  
1569  748  
1568  785  
1568  802  
2172  798  
2166  796  

