2085  451  
2085  454  
2084  458  
2265  612  
2266  606  
2257  610  
2238  620  
2208  635  
2165  650  
2086  670  
1973  687  
1916  693  
1852  699  
1738  712  
1663  722  
1594  732  
1530  740  
1472  747  
1397  757  
1360  764  
1333  771  
1314  778  
1303  784  
1302  791  
1307  793  
1360  736  
1344  740  
1335  744  
1325  749  
1312  753  
1295  755  
1263  754  
1239  751  
1215  748  
1192  744  
1172  737  
1155  726  
1137  696  
1132  669  
1133  642  
1141  616  
1155  594  
1191  572  
1226  563  
1266  560  
1310  562  
1352  571  
1402  595  
1427  614  
1441  635  
1445  661  
1438  692  
1421  729  
1381  789  
1352  820  
1320  842  
1276  866  
1229  907  
1190  980  
1182  1019  
1183  1051  
1196  1082  
1221  1116  
1286  1155  
1341  1166  
1407  1165  
1479  1154  
1544  1138  
1602  1117  
1676  1087  
1716  1064  
1753  1040  
1787  1020  
1812  1003  
1826  974  
1269  452  
1269  447  
1266  438  
1266  432  
1273  436  
1286  443  
1295  447  
2339  702  
2308  699  
2279  704  
2242  709  
2197  713  
2143  717  
2051  722  
1984  726  
1915  731  

