1698  641  
1697  635  
1697  635  
1696  640  
1695  661  
1695  683  
1697  709  
1698  739  
1698  769  
1697  807  
1692  824  
1681  836  
1659  844  
1625  851  
1584  860  
1523  874  
1472  879  
1414  877  
1370  871  
1335  863  
1280  857  
1252  857  
1238  862  
1232  865  
1477  981  
2165  850  
2164  851  
2152  854  
2119  862  
2091  863  
2056  864  
2002  867  
1940  879  
1867  906  
1817  918  
1769  924  
1741  925  
1725  919  
1713  901  
1708  887  
1707  872  
1706  856  
1706  841  
1706  826  
1704  812  
1703  810  
1702  812  
1699  818  

