2024  628  
2005  631  
1986  632  
1968  634  
1950  636  
1919  642  
1895  648  
1872  654  
1850  659  
1829  664  
1808  669  
1779  676  
1760  682  
1743  687  
1728  691  
1714  696  
1697  702  
1686  706  
1676  710  
1668  713  
1660  717  
1650  720  
1645  723  
1639  725  
1634  726  
1630  728  
1627  728  
1621  730  
1618  731  
1617  732  
1615  733  
1615  733  
1613  733  
1610  734  
1608  734  
1607  734  
1607  735  
1606  735  
1606  734  
1606  734  
1606  734  
1605  734  
1604  734  
1603  734  
1603  734  
1603  734  
1602  734  
1601  734  
1601  734  
1601  734  
1601  734  
1601  735  

