1055  947  
1035  951  
1017  955  
993  961  
972  965  
942  968  
908  969  
877  970  
845  967  
831  965  
819  963  
805  960  
789  957  
758  952  
734  950  
711  948  
694  946  
681  942  
668  938  
652  933  
643  930  
635  927  
627  924  
620  923  
612  920  
609  920  
608  919  
606  919  
606  919  
607  921  
613  922  
1200  670  
1183  658  
1177  643  
1183  629  
1208  605  
1234  587  
1268  568  
1310  551  
1359  537  
1412  529  
1491  529  
1539  536  
1579  549  
1611  567  
1629  589  
1628  631  
1607  668  
1571  715  
1522  771  
1460  827  
1378  917  
1339  991  
1299  1053  
1274  1102  
1266  1148  
1272  1188  
1305  1231  
1342  1248  
1391  1257  
1451  1258  
1520  1252  
1622  1233  
1686  1216  
1742  1200  
1795  1183  
1844  1164  
1894  1130  
1906  1102  
1908  1089  
1442  357  
1433  348  
1436  357  
1443  372  
1447  381  
23  426  
26  426  
27  424  
29  424  
32  427  
43  437  
36  346  
33  368  
33  394  
30  431  
30  467  
30  501  
33  529  
35  559  
36  577  
37  585  
37  587  
37  586  
37  574  
34  545  
29  506  
22  458  
20  418  
19  393  
19  386  
19  384  
26  398  
30  425  
36  463  
41  499  
47  533  
51  558  
58  579  
62  587  
63  590  
64  591  
59  568  
55  541  
50  506  
46  465  
44  432  
44  406  
47  392  
48  388  
50  392  
52  409  
53  436  
49  471  
42  507  
40  528  
40  541  
44  544  
47  545  
55  540  
109  492  
152  449  
182  418  
197  402  
199  400  
158  445  
116  490  
85  524  
73  543  
76  541  
82  541  
144  501  
208  453  
267  405  
305  373  
318  364  
321  363  
319  372  
287  409  
233  470  
180  527  
152  563  
143  587  
143  595  
160  594  
223  569  
324  524  
411  481  
475  452  
498  450  
509  454  
519  482  
481  540  
421  622  
356  699  
305  769  
269  823  
260  851  
259  860  
286  857  
360  823  
460  767  
563  703  
649  652  
700  629  
690  638  
691  657  
634  718  
553  794  
472  867  
398  940  
359  986  
350  1001  
350  1006  

