1752  738  
1750  738  
1748  739  
1746  740  
1745  741  
1745  741  
1743  741  
1742  742  
1740  743  
1737  745  
1736  745  
1735  746  
1734  747  
1732  748  
1731  749  
1730  750  
1730  751  
1730  751  
1730  751  
1730  751  
1731  751  
1731  750  
1734  747  
1938  484  
1925  487  
1903  493  
1876  510  
1817  554  
1770  587  
1718  622  
1662  662  
1602  709  
1510  788  
1445  832  
1390  865  
1354  897  
1317  938  
1273  978  
1227  1008  
1215  1014  
1211  1015  
1209  1012  
1212  1008  
2200  585  
2159  606  
2111  633  
2057  658  
1997  682  
1931  707  
1816  745  
1740  767  
1680  782  
1635  789  
1609  791  
1599  782  
1608  764  
1631  737  
1663  707  
1702  677  
1763  643  
1798  630  
1820  626  
1830  628  
1826  636  
1807  652  
1746  688  
1694  716  
1635  748  
1570  786  
1492  824  
1366  867  
1279  905  
1193  951  
1123  983  
1057  1003  
996  1020  
974  1020  
961  1010  
962  985  
977  943  
998  902  
1045  862  
1096  839  
1150  818  
1195  799  
1236  785  
1294  778  
1328  781  
2283  666  
2290  664  

