1534  317  
1534  310  
1530  310  
1521  314  
1509  321  
1493  329  
1462  342  
1437  351  
1408  362  
1376  375  
1339  394  
1282  431  
1248  457  
1220  486  
1201  516  
1194  545  
1202  573  
1237  603  
1276  615  
1325  617  
1379  612  
1429  604  
1474  590  
1483  584  
1480  581  
1467  580  
1441  588  
1382  621  
1335  655  
1294  702  
1260  760  
1234  815  
1219  863  
1242  964  
1293  1012  
1349  1030  
1415  1033  
1497  1034  
1628  1021  
1716  986  
1787  949  
1851  917  
1893  887  
1929  862  
1939  853  
1941  841  
1935  823  
1367  206  
1369  208  
1374  217  
1379  225  
1389  233  
1447  596  
1443  594  
1447  592  
1461  587  
1475  583  
1494  578  
1515  572  
1540  565  
1586  555  
1621  548  
1660  540  
1703  532  
1748  522  
1817  507  
1861  497  
1901  488  
1937  481  
1969  474  
1997  468  
2033  461  
2050  458  
2063  455  
2073  453  
2079  451  
2084  449  
2085  449  
2085  448  
2085  448  
2085  448  

