1711  412  
1682  403  
1641  400  
1571  412  
1525  434  
1485  464  
1452  500  
1430  541  
1418  602  
1422  640  
1433  679  
1450  722  
1473  772  
1504  838  
1518  876  
1528  926  
1537  981  
1547  1023  
1554  1049  
1556  1074  
1557  1085  
1557  1090  
1483  430  
1483  444  
1486  473  
1491  498  
1494  526  
1498  558  
1502  592  
1509  630  
1520  699  
1528  756  
1534  811  
1535  856  
1534  904  
1537  996  
1541  1041  
1543  1076  
1543  1109  
1541  1142  
1539  1184  
1539  1203  
1539  1217  
1539  1225  
1538  1228  
1538  1228  
1541  1226  
1547  1220  
1553  1217  
1530  421  
1533  423  
1532  425  
1535  433  
1539  452  
1543  468  
1546  488  
1549  511  
1553  537  
1562  583  
1568  618  
1575  657  
1580  702  
1585  752  
1586  800  
1582  859  
1579  909  

