1269  917  
1228  936  
1198  951  
1175  961  
1150  967  
1106  975  
1076  978  
1054  980  
1039  981  
1027  981  
1015  981  
1010  981  
1007  981  
1005  980  
1005  980  
1005  980  
1007  984  
1010  991  
1013  1001  
1016  1013  
1019  1026  
1018  1048  
1013  1063  
1004  1079  
991  1093  
973  1105  
938  1119  
913  1123  
888  1123  
865  1119  
844  1112  
825  1103  
798  1084  
786  1068  
781  1050  
784  1030  
794  1004  
817  953  
833  914  
854  877  
886  853  
1237  745  
1380  943  
1371  978  
1363  996  
1358  1008  
1354  1011  
1354  992  
1357  954  
1361  904  
1367  856  
1378  810  
1410  721  
1438  665  
1469  620  
1501  583  
1537  553  
1577  531  
1641  515  
1681  518  
1719  531  
1752  553  
1777  580  
1798  624  
1799  655  
1788  686  
1765  716  
1731  743  
1657  778  
1593  798  
1520  817  
1439  832  
1363  840  
1285  848  
1168  881  
1097  903  
1038  918  
1006  927  
987  933  
969  934  
968  927  
976  905  
981  890  
1271  374  
1279  414  
1287  453  
1294  492  
1302  533  
1308  574  
1316  632  
1321  666  
1326  697  
1328  724  

