2162  806  
2134  803  
2107  809  
2081  817  
2026  827  
1976  835  
1924  848  
1878  864  
1826  879  
1749  894  
1712  905  
1669  921  
1617  937  
1576  944  
1551  930  
1544  908  
1541  886  
1549  821  
1559  779  
1565  748  
1568  720  
1564  696  
1553  677  
1522  655  
1497  644  
1469  638  
1438  638  
1405  644  
1359  661  
1335  676  
1316  696  
1304  718  
1301  741  
1309  761  
1337  784  
1363  792  
1395  794  
1433  793  
1472  789  
1519  781  
1543  776  
1565  771  

