2014  747  
1965  756  
1919  765  
1877  772  
1837  777  
1788  779  
1765  777  
1751  772  
1743  763  
1740  751  
1739  735  
1745  705  
1753  683  
1762  664  
1768  648  
1772  637  
1774  629  
1774  627  
1773  627  
1773  629  
1771  633  
1766  645  
1762  659  
1757  675  
1752  698  
1745  722  
1720  791  
1710  803  
1698  811  
1686  817  
1665  824  
1649  829  
1629  834  
1605  839  
1581  844  
1550  851  
1531  856  
1511  858  
1489  859  
1465  859  
1439  856  
1406  850  
1387  842  
1372  834  
1361  822  
1350  810  
1339  788  
1334  770  
1330  752  
1329  734  

