1656  774  
1673  776  
1687  777  
1699  781  
1710  788  
1721  804  
1724  818  
1539  1090  
1540  1090  
1063  563  
1056  542  
1068  525  
1091  509  
1122  493  
1161  478  
1236  460  
1298  452  
1368  450  
1443  454  
1515  463  
1577  474  
1652  496  
1686  513  
1706  532  
1709  553  
1690  578  
1617  619  
1544  650  
1454  686  
1360  727  
1275  771  
1164  840  
1097  887  
1049  937  
1031  987  
1030  1025  
1050  1048  
1124  1069  
1189  1077  
1262  1079  
1340  1074  
1418  1069  
1531  1067  
1593  1067  
1652  1064  
1698  1058  
1728  1053  
1757  1050  
1768  1048  
1770  1047  
1768  1048  

