1166  1212  
1141  1236  
1131  1239  
1132  1235  
1139  1216  
1153  1182  
1174  1134  
1207  1054  
1233  989  
1273  905  
1316  843  
1352  800  
1424  730  
1487  695  
1549  675  
1606  670  
1657  677  
1699  696  
1750  742  
1775  780  
1789  817  
1789  847  
1774  874  
1732  911  
1687  940  
1606  966  
1523  982  
1442  996  
1307  1026  
1211  1038  
1116  1048  
1027  1064  
955  1079  
900  1086  
854  1087  
841  1086  
837  1076  
839  1068  
1194  888  
1192  960  
1197  1017  
1203  1050  
1208  1070  
1209  1079  
1206  1063  
1203  1047  
1431  544  
1133  257  
1134  276  
1141  301  
1152  333  
1163  369  
1171  410  
1178  474  
1182  516  
1184  559  
1186  601  
1189  639  

