1220  858  
1217  865  
1216  876  
1215  911  
1212  947  
1206  983  
1196  1013  
1179  1038  
1132  1074  
1084  1098  
1033  1122  
990  1140  
953  1147  
909  1141  
888  1125  
873  1103  
865  1078  
869  1052  
889  1026  
951  969  
990  936  
1022  921  
1056  915  
1072  910  
1930  601  
1923  604  
1909  614  
1889  627  
1865  641  
1826  663  
1797  676  
1766  688  
1734  701  
1702  714  
1673  727  
1635  742  
1613  750  
1594  757  
1580  762  
1569  766  
1556  769  
1552  770  
1549  771  
1547  771  
1547  771  
1546  771  
1546  771  
1546  771  
1546  771  
1546  770  
1546  769  
1549  761  
2119  896  
2112  893  
2092  894  
2070  894  
2034  895  
1983  898  
1934  906  
1897  917  
1841  932  
1791  939  
1744  946  
1703  954  
1648  962  
1568  968  
1537  968  
1511  966  
1482  966  
1450  965  
1415  965  
1399  965  
1386  966  
1377  966  
1371  966  
1369  966  
1369  966  
1368  964  
1371  961  
1202  917  
1199  914  
1198  915  
1197  920  
1195  931  
1189  956  
1185  974  
1180  992  
1176  1010  
1171  1025  
1162  1044  
1157  1051  
1154  1053  
1153  1053  
1153  1050  
1157  1043  
1166  1021  
1173  1003  
1179  982  

