1791  561  
1870  737  
1876  741  
1883  755  
1893  785  
1898  807  
1900  826  
1901  843  
1898  860  
1887  887  
1874  907  
1848  927  
1801  940  
1748  949  
1691  955  
1567  957  
1493  954  
1417  953  
1336  951  
1247  945  
1144  925  
1085  909  
1036  889  
1008  868  
992  849  
984  824  
996  807  
1021  789  
1053  775  
1086  763  
1119  756  
1161  748  
1175  745  
1307  622  
1309  620  
1311  615  
1313  608  
1313  606  
1313  606  
1312  606  
1311  609  
1313  616  
1589  615  
1589  614  
1585  614  
1581  616  
1580  618  
1580  618  
1581  617  
1582  616  
1582  614  
1582  613  
1582  612  
1582  611  
1586  610  
1592  610  
1596  615  
2031  630  
2035  642  
2042  656  

