752  1072  
760  1073  
766  1074  
1349  529  
1353  524  
1361  526  
1372  530  
1385  536  
1398  543  
1420  555  
1436  563  
1454  572  
1470  582  
1485  593  
1501  609  
1509  618  
1515  625  
1517  632  
1517  636  
1515  642  
1512  646  
1506  650  
1497  654  
1486  659  
1472  662  
1448  665  
1431  666  
1412  667  
1392  668  
1370  669  
1334  672  
1308  673  
1280  676  
1250  679  
1220  682  
1174  687  
1141  692  
1106  697  
1072  702  
1040  706  
1013  710  
983  714  
968  715  
956  717  
946  718  
931  720  
929  721  
929  721  
928  721  
928  721  
930  720  
937  719  

