1501  864  
1927  524  
1929  526  
1932  530  
1936  537  
1939  546  
1943  556  
1948  568  
1953  580  
1961  600  
1967  614  
1973  627  
1975  642  
1976  657  
1974  676  
1971  686  
1967  696  
1958  705  
1947  713  
1922  724  
1900  731  
1875  737  
1845  742  
1812  745  
1775  747  
1721  748  
1689  749  
1657  750  
1626  751  
1598  754  
1565  756  
1547  757  
1535  757  
1529  756  
1528  756  
1533  756  
1799  834  
1800  834  
1802  836  
1801  836  
1799  837  
1797  839  
1797  840  
1797  840  
1798  841  
1800  841  
1801  840  
1802  840  

