1467  675  
1489  656  
1505  650  
1519  643  
1528  637  
1605  563  
2287  686  
2266  684  
2228  681  
2199  684  
2163  688  
2120  692  
2074  696  
2009  702  
1970  706  
1934  712  
1899  719  
1863  726  
1809  735  
1781  738  
1761  739  
1749  739  
1743  737  
1740  735  
1738  730  
1738  722  
1741  710  
1747  694  
1754  676  
1770  626  
1771  618  
1771  615  
1771  614  
1771  615  
1771  622  
1770  633  
1767  648  
1763  667  
1752  697  
1744  718  
1735  734  
1724  747  
1710  758  
1684  771  
1664  777  
1641  783  
1616  789  
1588  795  
1546  805  
1519  810  
1494  814  
1472  815  
1455  816  
1444  817  
1435  817  
1434  816  
1436  809  
1596  592  
2375  676  
2364  673  
2345  674  
2321  680  
2276  691  
2239  699  
2196  708  
2146  718  
2093  730  

