2098  757  
2091  750  
2070  758  
2036  773  
1989  791  
1929  814  
1855  840  
1728  865  
1644  878  
1565  901  
1512  924  
1470  932  
1429  923  
1423  906  
1428  885  
1443  865  
1465  847  
1492  830  
1499  828  
1501  833  
1494  848  
1471  875  
1438  907  
1392  953  
1368  977  
1351  991  
1339  994  
1332  988  
1324  971  
1322  966  
1317  966  
1303  979  
1276  1002  
1233  1025  
1211  1031  
1196  1032  
1185  1028  
1179  1018  
1175  1002  
1175  976  
1175  970  
1173  972  
1166  987  
1152  1012  
1114  1057  
1080  1092  
1043  1130  
1009  1166  
976  1198  
941  1226  
892  1250  
866  1250  
848  1238  
839  1209  
840  1158  
859  1073  
894  1019  
949  947  
1001  883  
1025  866  
1431  632  
1433  653  
1440  722  
1446  766  
1448  805  
1449  822  
1505  644  
1505  625  
1496  608  
1474  615  
1447  633  
1410  663  
1374  703  
1346  744  
1320  790  
1309  807  
1300  817  
1294  825  
1292  829  
2147  759  
2152  763  
2147  769  
2133  778  
2107  789  
2054  804  
2005  814  
1950  826  
1900  842  
1851  858  

