1353  675  
1409  672  
1471  670  
1534  671  
1621  678  
1671  685  
1711  694  
1738  704  
1750  713  
1750  720  
1723  732  
1688  742  
1641  756  
1582  775  
1511  797  
1391  823  
1319  835  
1242  853  
1169  884  
1095  918  
1002  963  
941  994  
876  1012  
835  1016  
813  1014  
799  1011  
796  988  
1301  527  
2264  746  
2269  740  
2263  741  
2248  744  
2221  748  
2182  750  
2107  752  
2051  753  
1990  757  
1923  768  
1844  783  
1712  800  
1629  812  
1549  827  
1469  841  
1397  846  
1344  845  
1275  842  
1255  841  
1515  750  
1505  783  
1443  823  
1383  845  
1321  868  
1247  916  
1188  974  
1141  1030  
1121  1058  
1118  1085  
1136  1110  
1171  1131  
1222  1142  
1320  1140  
1390  1130  
1476  1118  
1564  1105  
1636  1094  
1729  1076  
1784  1064  
1834  1056  
1865  1049  
1877  1042  
1872  1028  
1191  733  
1204  731  
1261  725  
1310  722  
1358  721  
1404  720  
1448  719  
1536  723  
1561  728  
1578  733  
1587  738  
1594  747  
1595  749  
1598  750  
1369  626  
1357  619  
1354  615  
1365  620  
1381  623  
2343  840  

