1208  1366  
1208  1370  
1208  1372  
1208  1373  
1208  1373  
1210  1374  
1213  1370  
1671  622  
1675  621  
1675  617  
1676  616  
1676  615  
1675  615  
1671  615  
1664  615  
1654  618  
1644  624  
1630  634  
1622  644  
1617  657  
1614  672  
1614  685  
1623  698  
1633  704  
1647  706  
1665  706  
1686  702  
1720  691  
1741  682  
1757  672  
1769  660  
1776  646  
1778  633  
1774  618  
1764  612  
1749  609  
1729  610  
1704  616  
1662  627  
1632  634  
1602  639  
1573  644  
1545  649  
1506  657  
1483  665  
1460  676  
1437  691  
1419  710  
1406  730  
1393  765  
1389  793  
1388  821  
1389  849  
1392  879  
1395  938  
1396  983  
1398  1021  
1400  1050  
1404  1075  
1407  1099  
1408  1133  
1405  1153  
1401  1168  
1398  1177  
1397  1182  
1397  1182  

