1833  631  
1445  653  
1442  655  
1444  658  
1449  657  
1456  654  
1462  648  
1465  641  
1465  639  
1465  637  
1464  637  
1461  638  
1456  646  
1451  654  
1450  660  
2035  689  
2042  703  
2048  721  
2054  741  
2059  763  
2063  784  
2062  812  
2057  827  
2042  840  
2013  852  
1966  867  
1891  901  
1835  921  
1768  930  
1701  932  
1615  933  
1528  933  
1404  930  
1314  920  
1224  912  
1151  907  
1083  897  
1005  869  
969  848  
938  831  
920  813  
917  790  
928  744  
942  715  
958  691  
978  672  
1003  659  
1031  643  
1451  546  
1453  538  
1462  527  
1474  511  
1487  491  
1500  469  
1522  435  
1538  416  
1554  405  
1568  401  
1583  405  
1606  421  
1620  436  
1634  451  
1646  464  
1659  474  
1679  490  
1692  502  
1703  516  
1708  531  
1712  550  
2088  561  
2087  563  
2087  567  
2089  575  
2091  581  
2095  590  
2100  601  
2106  614  
2117  638  
2124  658  
2130  679  
2134  701  
2136  723  

