1828  1025  
1831  1020  
1821  1008  
1190  458  
1178  454  
1176  450  
1184  448  
1203  448  
1216  453  
1223  459  
2204  886  
2172  888  
2121  891  
2045  901  
1967  921  
1898  946  
1837  964  
1766  983  
1651  1018  
1566  1029  
1496  1034  
1431  1041  
1379  1050  
1342  1058  
1299  1066  
1279  1067  
1266  1067  
1260  1068  
1259  1068  
1268  1066  
1257  913  
1217  969  
1190  1028  
1183  1055  
1186  1079  
1199  1097  
1222  1108  
1253  1109  
1313  1092  
1353  1073  
1392  1052  
1428  1036  
1458  1023  
1485  1012  
1490  1009  
1487  1008  
1475  1008  
1449  1013  
1395  1029  
1357  1045  
1312  1063  
1261  1081  
1213  1099  
1166  1118  
1090  1147  
1041  1163  
1000  1176  
964  1185  
929  1190  
881  1198  
853  1203  
828  1209  
808  1214  
793  1217  
780  1216  
775  1214  
775  1211  
782  1207  
798  1194  
1226  877  
1228  872  
1244  868  
1272  863  
1322  862  
1348  864  
1389  865  
1414  865  
1456  865  

