1556  806  
1556  806  
1556  806  
1556  806  
1556  806  
1557  806  
1557  806  
1560  805  
1561  804  
1562  803  
1563  803  
1565  802  
1567  801  
1571  799  
1572  798  
1574  797  
1576  795  
1579  793  
1586  788  
1593  783  
1601  778  
1609  771  
1617  765  
1629  753  
1636  746  
1641  741  
1645  737  
1649  733  
1652  729  
1656  722  
1658  717  
1659  710  
1659  702  
2350  909  
2345  910  
2335  913  
2270  931  
2229  941  
2182  950  
2134  959  
2088  973  
1983  999  
1913  1008  
1858  1013  
1800  1019  
1750  1024  
1718  1026  
1685  1021  
1668  1008  
1657  984  
1652  949  
1649  910  
1648  867  
1646  850  
1644  839  
1642  832  
1640  828  
1637  830  
1634  836  
1631  845  
1627  859  
1624  878  
1619  909  
1608  969  
1598  1002  
1587  1023  
1573  1036  
1557  1045  
1523  1053  
1490  1058  
1448  1061  
1403  1064  
1364  1067  
1310  1070  
1275  1071  
1244  1071  

