1437  842  
1435  843  
1430  843  
1424  843  
1416  843  
1407  843  
1396  841  
1381  840  
1374  838  
1368  837  
1363  836  
1359  835  
1357  834  
1355  833  
1354  833  
1354  833  
1354  833  
1354  833  
1354  833  
1354  833  
1354  833  
1354  832  
1354  831  
1352  828  
1351  825  
1350  822  
1348  818  
1346  815  
1344  812  
1343  808  
1341  806  
1341  805  
1340  805  
1340  804  
1340  804  
1340  804  
1340  804  
1340  804  
1340  804  
1340  804  
1340  804  
1340  804  
1340  804  
1340  804  
1339  804  
1339  804  
1339  804  
1339  804  
1339  804  
1339  804  
1339  804  
1339  803  
1339  803  
1339  801  
1339  800  
1338  798  
1337  797  
1337  795  
1336  793  
1335  791  
1335  789  
1334  786  
1333  782  
1333  775  
1333  770  
1333  763  
1333  757  
1333  750  
1334  742  
1335  732  
1336  724  
1337  718  
1338  710  
1339  704  
1341  695  
1343  691  
1345  689  
1346  688  
1347  687  
1348  687  
1350  686  
1352  683  
1710  699  
1721  719  
1730  738  
1739  760  
1747  784  
1753  805  
1756  830  
1754  843  
1747  855  
1736  863  
1723  865  
1696  861  
1672  853  
1648  844  
1627  835  
1611  825  
1601  813  
1593  794  
1591  780  
1589  771  
1589  768  
1589  768  
1589  780  
1590  796  
1588  814  
1584  832  
1576  848  

