813  910  
814  890  
815  877  
815  866  
818  850  
820  841  
822  833  
827  823  
833  813  
843  801  
862  779  
1074  828  
1066  832  
1053  844  
1043  858  
1038  879  
1040  889  
1046  896  
1056  898  
1073  896  
1110  884  
1129  873  
1139  862  
1142  852  
1138  847  
1127  845  
1099  856  
1078  866  
1065  877  
1058  886  
1056  893  
1062  898  
1073  897  
1092  891  
1112  882  
1126  873  
1135  858  
1133  851  
1127  846  
1113  846  
1094  852  
1075  860  
1063  874  
1063  880  
1070  883  
1083  883  
1101  877  
1126  862  
1134  851  
1137  842  
1134  838  
1122  837  
1093  845  
1075  854  
1066  865  
1065  873  
1071  879  
1084  880  
1111  872  
1124  863  
1129  855  
1126  849  
1114  845  
1082  845  
1064  848  
1055  852  
1053  854  
1057  854  
1066  852  
1088  842  
1098  838  
1102  836  
1101  836  
1096  841  
1086  849  
1265  118  
1265  114  
1267  95  
1267  97  
1270  111  
1273  129  
1279  158  
1284  178  
1289  201  
1293  225  
1296  250  
1299  289  
1300  317  
1300  344  
1299  371  
1296  395  
1286  429  
1276  450  
1265  469  
1251  488  
1237  508  
1223  529  
1204  568  
1191  596  
1179  622  
1169  647  
1161  672  
1150  715  
1145  749  
1139  785  
1135  818  
1135  845  
1142  884  
1147  919  
1155  962  
1163  1003  
1172  1037  
1182  1066  
1199  1111  
1210  1146  
1221  1181  
1232  1217  
1245  1253  
1265  1302  
1278  1329  
1292  1353  
1306  1373  
1316  1391  
1319  1400  
1279  129  
1278  130  
1283  147  
1288  163  
1297  183  
1307  206  
1315  230  
1322  263  
1324  282  
1325  301  
1327  320  

