1462  980  
1439  970  
1428  959  
1423  943  
1423  934  
2306  797  
2328  791  
2334  787  
2331  790  
2316  795  
2263  808  
2211  816  
2151  822  
2088  827  
2018  831  
1901  853  
1820  870  
1740  877  
1666  876  
1592  878  
1515  881  
1467  873  
1420  857  
1384  837  
1356  815  
1330  792  
1292  759  
1271  741  
1256  729  
1246  721  
1242  719  
1246  723  
1255  733  
1269  749  
1287  770  
1308  794  
1341  826  
1360  846  
1373  866  
1383  884  
1387  901  
1385  919  
1371  948  
1353  965  
1321  981  
1270  994  
1220  999  
1164  1000  
1123  1003  
1081  1008  
1048  1013  
1028  1017  
1013  1018  
1021  1015  
2220  827  

