1354  704  
1367  705  
1382  705  
1401  704  
1422  702  
1443  699  
1475  694  
1493  693  
1507  693  
1517  694  
1523  695  
1525  695  
1525  696  
1524  695  
1526  697  
2308  792  
2294  792  
2270  798  
2239  805  
2198  812  
2123  821  
2071  824  
2014  826  
1956  831  
1905  840  
1836  847  
1794  844  
1763  836  
1745  824  
1734  808  
1728  789  
1723  759  
1721  743  
1719  734  
1719  731  
1718  733  
1715  746  
1711  763  
1708  783  
1705  802  
1701  819  
1693  838  
1684  847  
1670  856  
1650  862  
1621  868  
1590  874  
1550  883  
1525  889  
1496  891  
1457  891  
1415  888  
1367  879  
1339  872  
1306  866  
1276  862  
1255  860  
1239  858  
1240  851  
1559  689  
1585  686  
1610  685  
1639  684  
1651  684  
1658  684  
1663  686  
1660  687  
2316  769  
2316  770  
2313  771  
2302  775  

