2000  849  
1928  866  
1892  881  
1860  892  
1825  898  
1795  898  
1771  894  
1762  889  
1756  883  
1753  876  
1753  869  
1755  859  
1763  840  
1770  824  
1777  805  
1782  785  
1787  765  
1792  742  
1792  734  
1793  732  
1793  732  
1792  735  
1789  747  
1786  760  
1783  776  
1781  793  
1778  810  
1776  826  
1771  849  
1768  864  
1764  878  
1757  888  
1749  898  
1735  912  
1724  921  
1710  929  
1562  958  
1539  956  
1516  953  
1491  949  
1464  946  
1433  943  
1424  943  
1422  944  
1423  944  
1425  947  
1429  951  
1500  1072  
1515  1071  
1526  1064  
1528  1059  
1525  1055  
1520  1053  
1515  1052  
1510  1058  
1505  1062  
1503  1061  
1648  1075  
1654  1072  
1657  1070  
1657  1070  
1657  1071  
1656  1074  
1658  1077  
1668  1079  
1673  1079  

