1613  1033  
1528  998  
1494  968  
1470  934  
1465  899  
1483  870  
1516  847  
1582  828  
1637  832  
1689  852  
1724  886  
1747  930  
1759  996  
1747  1030  
1716  1058  
1663  1081  
1589  1101  
1446  1134  
1342  1157  
1246  1179  
1159  1197  
1087  1209  
1037  1215  
996  1216  
985  1213  
988  1209  
993  1204  
2203  999  
2168  1011  
2131  1019  
2087  1028  
2024  1037  
1950  1042  
1856  1047  
1788  1056  
1720  1068  
1658  1079  
1602  1086  
1546  1091  
1522  1093  
1504  1094  
1493  1093  
1490  1090  
1501  1081  
1524  1069  
1552  1055  
1587  1041  
1630  1022  
1674  992  
1718  938  
1736  909  
1750  891  
1759  879  
1761  872  
1753  866  
1739  865  
1719  869  
1695  880  
1659  910  
1590  988  
1561  1027  
1543  1052  
1527  1073  
1517  1091  
1515  1106  
1528  1124  
1548  1129  
1574  1125  
1610  1114  
1654  1099  
1720  1070  
1763  1049  
1800  1033  
1824  1026  
1832  1024  
1819  1025  
1787  1033  
1745  1047  
1696  1066  
1636  1083  
1571  1100  
1472  1131  
1405  1153  
1346  1176  
1294  1197  
1249  1216  
1196  1238  
1172  1246  
1156  1252  
1147  1254  
1143  1255  
1142  1255  
1142  1255  
1144  1255  
1148  1255  
1156  1254  
1168  1249  
1174  1242  
2096  736  
2097  737  
2095  738  
2089  738  
2075  740  
2054  741  
2018  743  
1993  741  
1963  740  
1928  740  
1887  745  
1839  753  
1753  768  
1700  776  
1648  784  
1596  793  
1546  804  
1464  819  
1407  825  
1362  827  
1324  828  
1283  830  
1227  835  
1200  840  
1180  843  
1162  845  
1147  846  
1138  847  
1134  847  
1138  845  
1274  648  
1273  643  
1273  644  
1269  648  
1259  657  
1235  673  
1214  684  
1192  698  
1152  736  
1137  759  
1126  790  
1125  804  
1131  813  
1143  818  
1161  819  
1193  814  
1216  809  
1241  803  
1267  797  
1289  791  
1311  784  
1318  782  
1320  781  
1315  783  
1302  787  
1284  793  
1249  805  
1223  815  
1198  828  
1171  840  
1142  854  
1090  875  
1058  886  
1035  896  
1018  907  
1004  919  
984  935  
966  946  
945  957  
921  969  
899  980  
878  989  
855  998  
845  1002  
837  1005  
829  1007  
823  1009  
813  1013  
806  1014  
797  1015  
787  1016  
776  1017  
761  1019  
753  1019  
748  1019  
745  1019  
744  1017  
747  1015  
752  1015  
833  837  
829  836  
826  819  
832  807  
843  791  
858  772  
877  750  
916  716  
948  697  
987  681  
1031  669  
1079  661  
1152  655  
1200  655  
1245  660  
1289  667  
1333  677  
1379  690  
1459  710  
1516  724  
1568  737  
1618  751  
1668  768  
1746  794  
1807  807  
1869  814  
1919  818  
1969  820  
2023  826  
2093  837  
2131  843  
2167  848  
2199  852  
2223  855  
2243  857  
2250  857  
2253  857  
2254  857  
2254  858  
2248  858  
2242  860  
2234  860  
2222  861  
2206  864  
2186  868  
2150  873  
2123  876  
2096  877  
2064  877  
2018  879  
1939  893  
1903  909  
1873  925  
1835  938  
1789  949  
1732  967  
1697  983  
1644  999  
1587  1007  
1545  1009  
1510  1010  
1438  1016  
1391  1023  
1353  1032  
1311  1039  
1263  1042  
1199  1040  
1164  1037  
1124  1036  
1080  1036  
1040  1039  
996  1043  
968  1046  
937  1046  
907  1045  
882  1041  
862  1036  
841  1026  
832  1016  
824  1003  
818  986  
814  967  
813  934  

