1191  479  
1186  484  
1183  489  
1183  495  
1185  497  
1187  497  
1189  497  
1190  495  
1192  490  
1191  485  
1188  481  
1183  479  
1178  481  
1169  485  
2270  811  
2245  815  
2209  824  
2164  836  
2116  846  
2064  851  
1995  856  
1896  875  
1837  884  
1774  883  
1722  872  
1676  859  
1604  842  
1569  832  
1543  818  
1516  800  
1487  778  
1452  750  
1438  739  
1431  736  
1431  739  
1438  750  
1452  770  
1483  804  
1505  823  
1525  839  
1541  854  
1552  867  
1562  888  
1563  904  
1532  953  
1489  962  
1447  964  
1406  965  
1378  963  
1358  958  
1339  946  
1309  906  
1295  875  
1342  621  

