1547  717  
1528  719  
1507  722  
1477  723  
1418  722  
1378  718  
1342  710  
1309  699  
1278  687  
1237  662  
1217  641  
1205  618  
1199  594  
1200  568  
1217  531  
1236  509  
1261  489  
1293  472  
1332  460  
1373  452  
1437  449  
1482  453  
1524  461  
1562  473  
1595  489  
1636  519  
1657  542  
1670  566  
1675  591  
1671  614  
1650  647  
1627  670  
1599  693  
1568  717  
1531  744  
1486  773  
1408  810  
1366  826  
1328  839  
1283  854  
1232  881  
1183  943  
1162  982  
1144  1013  
1129  1039  
1120  1064  
1126  1099  
1143  1123  
1170  1146  
1205  1164  
1248  1178  
1298  1187  
1384  1192  
1450  1192  
1518  1190  
1580  1184  
1638  1176  
1720  1156  
1778  1134  
1833  1112  
1873  1096  
1902  1083  
1936  1068  
1957  1061  
1977  1055  
1992  1050  
1993  1045  
1558  945  
1558  946  
1559  951  
1562  956  
1565  959  
1567  959  
1569  956  
1570  953  

