1433  742  
1404  739  
1378  734  
1353  731  
1323  726  
1290  718  
1240  700  
1212  685  
1190  668  
1175  648  
1169  628  
1174  608  
1202  578  
1233  560  
1272  546  
1318  535  
1367  530  
1447  532  
1499  541  
1545  554  
1578  569  
1601  586  
1617  617  
1615  641  
1603  668  
1580  698  
1545  733  
1494  772  
1400  823  
1349  846  
1297  876  
1238  927  
1197  982  
1170  1037  
1164  1065  
1169  1091  
1187  1113  
1216  1130  
1286  1139  
1344  1135  
1414  1125  
1492  1113  
1566  1102  
1636  1093  
1728  1078  
1781  1069  

