753  980  
756  980  
775  980  
791  981  
1381  1032  
2371  809  
2372  811  
2367  810  
2352  814  
2329  819  
2282  830  
2242  839  
2194  848  
2139  854  
2082  854  
1970  860  
1895  878  
1824  895  
1753  906  
1690  916  
1615  930  
1534  948  
1505  952  
1480  954  
1461  958  
1449  958  
1501  848  
1561  845  
1616  844  
1669  852  
1704  865  
1724  881  
1721  888  
1702  895  
1647  907  
1572  928  
1459  957  
1381  977  
1302  999  
1221  1013  
1158  1018  
1072  1030  
1033  1039  
1010  1046  
998  1049  
992  1051  
991  1051  
996  1053  
1005  1054  
1023  1053  
1053  1051  
1072  1047  
1375  1084  
2322  827  
2317  829  
2298  830  
2269  835  
2206  842  
2154  845  
2100  845  

