1736  814  
1722  815  
1703  815  
1660  816  
1618  818  
1570  823  
1516  828  
1452  832  
1362  828  
1313  824  
1264  822  
1223  822  
1193  822  
1158  819  
1141  815  
1128  808  
1120  802  
1118  794  
1118  786  
1125  772  
1132  763  
1141  755  
1151  749  
1160  745  
1173  743  
1180  745  
1186  751  
1192  759  
1197  770  
1202  790  
1204  805  
1204  819  
1201  834  
1197  849  
1190  867  
1173  902  
1153  928  
1117  951  
1070  969  
1024  990  
940  1020  
870  1027  
815  1027  
754  1029  
723  1032  
1661  557  
1648  552  
1633  546  
1622  544  
1610  542  
1595  542  
1578  543  
1550  548  
1529  553  

