1264  466  
1270  497  
1276  530  
1282  564  
1287  599  
1289  635  
1293  692  
1296  731  
1301  771  
1310  808  
1317  833  
1728  977  
1711  988  
1689  1002  
1655  1011  
1609  1015  
1547  1012  
1512  1009  
1468  1008  
1419  1010  
1379  1015  
1348  1020  
1304  1023  
1277  1023  
1257  1020  
1246  1016  
1241  1011  
1243  999  
1250  985  
1262  968  
1275  945  
1288  916  
1304  877  
1313  859  
1317  843  
1319  829  
1321  813  
1324  796  
1330  771  
1336  757  
1341  746  
1347  741  
1355  741  
1367  750  
1376  763  
1387  779  
1400  797  
1414  816  
1438  841  
1453  857  
1466  873  
1474  887  
1477  902  
1473  918  
1452  939  
1428  950  
1401  959  
1374  969  
1341  980  
1263  994  
1212  995  
1173  995  
1136  995  
1095  996  
1049  999  
1032  999  
1028  999  
1242  527  
1243  523  
1242  522  
1243  531  
1243  544  
1241  563  
1237  586  
1234  614  
1232  649  
1230  713  
1229  763  
1223  810  
1217  829  
1188  1078  
1183  1073  
1183  1069  
1183  1060  
1185  1049  

