1474  517  
1473  516  
1471  514  
1750  847  
1746  849  
1735  849  
1719  848  
1682  845  
1643  844  
1595  848  
1552  854  
1512  861  
1441  863  
1397  859  
1366  851  
1341  842  
1318  833  
1299  824  
1279  808  
1273  794  
1270  776  
1270  756  
1272  735  
1278  702  
1283  681  
1288  661  
1293  643  
1297  628  
1304  612  
1307  605  
1311  602  
1314  601  
1320  605  
1326  613  
1337  629  
1344  643  
1352  659  
1360  675  
1367  690  
1377  713  
1380  728  
1382  740  
1380  752  
1373  765  
1352  781  
1330  789  
1300  795  
1262  801  
1221  809  
1178  819  
1099  830  
1044  832  
1000  830  
958  826  
916  823  
865  818  
840  812  
819  803  
801  791  
787  775  
775  745  
774  724  
777  703  
784  684  
794  667  
807  650  
839  627  
865  616  
893  607  
923  599  
957  593  
1008  586  
1336  490  
1334  493  
1330  493  
1327  498  
1325  505  
1326  508  
1327  509  
1329  509  
1331  507  
1332  502  
1332  499  
1330  497  
1329  496  
1806  873  
1823  875  
1829  872  
1832  872  
1830  872  

