1336  152  
1354  157  
1367  160  
1379  163  
1392  165  
1404  168  
1415  171  
1426  175  
1430  178  
1431  181  
1431  183  
1427  185  
1413  189  
1401  192  
1386  194  
1370  196  
1352  197  
1324  197  
1304  195  
1285  194  
1267  191  
1250  189  
1235  188  
1220  188  
1218  189  
1219  191  
1319  241  
1321  239  
1321  239  
1321  239  
1321  241  
1320  246  
1319  252  
1319  260  
1318  270  
1318  282  
1318  296  
1318  320  
1319  338  
1319  358  
1319  378  
1319  401  
1317  434  
1317  458  
1316  482  
1314  508  
1313  535  
1311  575  
1309  602  
1308  629  
1306  655  
1305  682  
1304  709  
1302  750  
1301  775  
1299  796  
1298  813  
1297  827  
1297  845  
1297  858  
1297  873  
1295  891  
1294  915  
1294  951  
1294  967  
1295  979  
1296  989  
1297  995  
1298  997  
1298  996  
1301  990  
1343  1072  
1346  1075  
1346  1073  
1343  1071  
1341  1071  
1335  1072  
1329  1073  
1322  1076  
1316  1078  
1310  1081  
1303  1086  
1298  1090  
1294  1094  
1291  1099  
1291  1103  
1291  1107  
1296  1112  
1302  1116  
1309  1119  
1318  1121  
1326  1123  
1336  1127  

