1176  480  
1176  479  
1176  476  
1687  724  
1656  722  
1626  722  
1590  723  
1548  723  
1500  724  
1418  723  
1366  721  
1318  719  
1274  716  
1233  713  
1183  709  
1155  708  
1134  707  
1120  706  
1112  704  
1111  702  
1182  493  
1185  479  
1187  473  
1187  471  
1183  470  
1165  474  
1147  481  
1128  492  
1110  505  
1093  521  
1077  544  
1074  560  
1078  573  
1087  584  
1103  591  
1123  595  
1155  595  
1174  593  
1189  590  
1198  587  
1203  586  
1203  585  
1197  587  
1184  593  
1166  603  
1144  617  
1104  646  
1075  672  
1050  704  
1029  742  
1015  783  
1008  820  
1011  870  
1021  912  
1035  959  
1059  998  
1095  1026  
1163  1058  
1207  1075  
1255  1085  
1306  1089  
1352  1087  
1421  1077  
1472  1066  
1516  1053  
1548  1038  
1563  1030  
1161  362  
1159  364  
1158  367  
1160  372  
1161  374  
1163  374  
1166  374  
1169  373  
1172  372  

