1373  666  
1372  666  
1369  663  
1602  714  
1602  711  
1602  711  
1602  710  
1602  710  
1602  710  
1602  710  
1602  711  
1602  711  
1604  714  
1606  719  
1608  723  
1610  729  
1612  737  
1615  746  
1617  758  
1621  778  
1623  791  
1626  802  
1629  813  
1632  822  
1636  833  
1637  839  
1638  844  
1636  848  
1632  852  
1618  858  
1605  862  
1590  866  
1576  871  
1561  877  
1545  884  
1516  894  
1490  901  
1452  905  
1413  908  
1380  908  
1328  906  
1272  909  
1216  917  
1177  925  
1139  930  
1070  932  
1034  932  
1007  932  
985  931  
957  930  
927  930  
898  931  
888  933  
883  936  
880  938  
1212  672  
1211  673  
1204  673  
1201  675  
1199  676  
1199  677  
1199  677  
1202  677  
1205  676  
1208  674  
1210  672  
1211  670  
1210  667  
1208  665  
1206  664  
1206  664  
1206  664  
1206  664  
1208  666  
1210  667  
1211  669  
1213  670  
1215  671  
1407  673  
1406  671  
1403  668  
1401  668  
1398  668  
1393  668  
1391  670  
1389  670  
1389  672  
1389  673  
1390  674  
1391  675  
1392  674  
1393  673  
1394  671  
1394  671  
1393  670  
1391  669  
1392  672  
1392  674  

