1754  1006  
1703  1019  
1654  1026  
1597  1027  
1548  1023  
1509  1017  
1464  1014  
1405  1010  
1383  1005  
1373  999  
1448  553  
1444  565  
1424  577  
1403  594  
1378  615  
1337  651  
1309  677  
1282  706  
1255  734  
1231  760  
1200  791  
1185  804  
1174  811  
1168  814  
1167  814  
1167  813  
1175  804  
1187  795  
1201  785  
1217  776  
1233  770  
1259  765  
1275  767  
1291  773  
1305  782  
1319  793  
1338  812  
1350  826  
1361  842  
1370  859  
1378  877  
1386  898  
1399  935  
1407  957  
1414  977  
1420  995  
1423  1009  
1422  1027  
1416  1037  
1404  1046  
1389  1053  
1372  1060  
1341  1068  
1312  1072  
1276  1075  
1237  1076  
1197  1076  
1156  1075  
1080  1075  
1028  1078  
979  1082  
927  1084  
875  1084  
804  1083  
753  1084  

