1525  656  
1530  683  
1534  716  
1535  753  
1533  790  
1527  822  
1511  866  
1498  897  
1478  932  
1449  965  
1414  995  
1356  1031  
1301  1048  
1233  1055  
1161  1055  
1079  1055  
1040  1057  
1363  687  
1360  684  
1356  684  
1348  683  
1337  682  
1325  679  
1314  675  
1301  666  
1296  658  
1295  650  
1296  640  
1300  631  
1309  618  
1316  611  
1323  605  
1330  602  
1337  601  
1344  604  
1356  615  
1364  626  
1370  641  
1374  659  
1374  682  
1367  727  
1360  763  
1348  799  
1330  826  

