1753  646  
1753  644  
1754  643  
1754  642  
1754  641  
1754  641  
1754  641  
1754  641  
1755  642  
1756  643  
1758  648  
1759  651  
1761  655  
1761  660  
1763  665  
1764  675  
1765  682  
1767  690  
1770  700  
1773  711  
1778  727  
1781  738  
1783  749  
1785  761  
1787  773  
1789  783  
1789  798  
1789  807  
1788  815  
1785  822  
1781  828  
1771  836  
1761  840  
1749  843  
1738  846  
1726  847  
1706  848  
1690  848  
1669  847  
1644  847  
1615  849  
1584  852  
1548  861  
1525  867  
1498  871  
1464  875  
1427  876  
1381  875  
1356  872  
1327  868  
1289  867  
1245  870  
1196  880  
1172  886  
1145  892  
1113  894  
1078  894  
1047  891  
1012  883  
992  877  
970  870  
944  864  
917  860  
887  855  
872  852  
861  849  
854  845  
848  841  
844  837  
839  828  
837  822  
836  814  
834  805  
833  795  
833  778  
832  765  
832  752  
832  739  
834  728  
839  713  
844  703  
850  695  
858  688  
866  682  
875  677  
888  671  
898  667  
908  664  
919  662  
930  659  
946  657  
956  652  
1406  1035  
1403  1038  
1402  1040  
1401  1042  
1401  1045  
1404  1048  
1407  1049  
1410  1049  
1413  1049  
1415  1048  
1416  1046  
1416  1044  
1415  1043  
1413  1043  
1410  1043  
1408  1045  
1407  1048  
1409  1049  
1412  1049  
1415  1050  
1416  1050  
1415  1051  
1414  1052  
1733  627  
1731  624  
1731  624  
1731  624  
1731  624  
1731  624  
1731  624  
1731  626  
1731  628  

