1493  1155  
1522  1142  
1532  1133  
1147  531  
1147  533  
1146  535  
1146  538  
1145  541  
1145  542  
1146  542  
1149  542  
1152  539  
1154  536  
1154  534  
1155  534  
1154  533  
1414  559  
1411  553  
1411  550  
1411  550  
1411  551  
1413  553  
1416  556  
1420  560  
1428  568  
1435  574  
1443  581  
1450  590  
1457  600  
1468  615  
1476  625  
1485  636  
1493  649  
1502  663  
1515  684  
1522  700  
1528  717  
1533  733  
1535  750  
1536  767  
1529  789  
1521  800  
1509  809  
1492  817  
1470  823  
1428  827  
1398  828  
1372  827  
1347  824  
1318  821  
1268  819  
1235  818  
1205  819  
1182  820  
1161  820  

