1549  493  
1555  488  
1556  484  
1556  481  
1553  478  
1550  478  
1547  478  
1545  481  
1545  484  
1730  869  
1720  871  
1682  866  
1643  865  
1595  868  
1551  876  
1507  885  
1424  889  
1376  885  
1332  878  
1276  874  
1222  876  
1185  879  
1142  879  
1112  874  
1084  867  
1065  857  
1044  824  
1042  806  
1041  783  
1043  756  
1046  729  
1051  689  
1054  665  
1058  643  
1061  623  
1065  606  
1069  592  
1076  579  
1080  576  
1085  576  
1092  582  
1099  592  
1111  615  
1121  632  
1131  651  
1143  671  
1155  690  
1166  709  
1178  736  
1180  751  
1179  766  
1171  780  
1157  793  
1122  810  
1088  820  
1051  828  
1017  834  
982  838  
920  843  
875  850  
839  859  
809  868  
777  873  
738  874  
688  868  
664  861  
644  852  
626  842  
608  832  
583  814  
571  799  
564  781  
563  759  
567  735  
582  698  
597  676  
617  654  

