1296  422  
1295  414  
1295  409  
1293  405  
1292  399  
1290  395  
1288  389  
1286  386  
1285  383  
1283  380  
1281  379  
1280  378  
1279  379  
1278  381  
1278  383  
1054  432  
1050  430  
1048  427  
1047  426  
1047  425  
1047  425  
1047  424  
1047  424  
1047  424  
1047  424  
1048  425  
1048  426  
1049  428  
1051  430  
1053  433  
1055  437  
1058  442  
1061  446  
1066  455  
1070  461  
1074  468  
1079  475  
1085  483  
1095  496  
1103  505  
1111  515  
1119  525  
1129  537  
1138  549  
1154  568  
1164  581  
1175  595  
1186  610  
1198  624  
1216  647  
1228  664  
1240  681  
1252  699  
1264  717  
1281  743  
1293  761  
1304  778  
1315  793  
1326  806  
1336  818  
1349  834  
1357  843  
1363  853  
1369  862  
1374  872  
1382  886  
1387  895  
1391  906  
1396  916  
1400  925  
1405  939  
1408  945  
1411  951  
1413  955  
1415  958  
1415  960  
1416  961  
1415  961  
1411  960  
1768  585  
1766  583  
1766  583  
1766  583  
1766  583  
1766  583  
1766  586  
1766  589  
1766  594  
1766  599  
1766  606  
1767  619  
1768  629  
1768  641  
1767  654  

