1341  1129  
1345  1132  
1348  1135  
1348  1138  
1349  1141  
1345  1147  
1339  1151  
1332  1156  
1324  1160  
1313  1165  
1295  1171  
1282  1174  
1270  1177  
1258  1178  
1252  1178  
1562  1075  
1562  1074  
1559  1072  
1559  1072  
1559  1072  
1557  1072  
1555  1071  
1552  1071  
1547  1070  
1541  1069  
1534  1068  
1521  1066  
1509  1066  
1496  1065  
1482  1064  
1465  1063  
1439  1062  
1422  1062  
1406  1062  
1390  1063  
1377  1064  
1360  1064  
1350  1065  
1341  1065  
1334  1065  
1327  1065  
1321  1065  
1315  1063  
1313  1062  
1311  1059  
1311  1056  
1310  1052  
1310  1043  
1310  1036  
1309  1027  
1308  1014  
1305  996  
1301  957  
1297  923  
1293  890  
1290  865  
1287  847  
1285  831  
1284  803  
1285  780  
1287  754  
1288  726  
1291  699  
1295  660  
1297  636  
1300  613  
1302  590  
1302  569  
1302  539  
1302  520  
1301  504  
1300  489  
1300  475  
1298  464  
1297  450  
1296  441  
1296  434  
1296  428  

