1172  369  
1172  367  
1171  367  
1170  367  
1171  367  
1174  372  
1724  638  
1730  638  
1733  641  
1725  643  
1708  644  
1668  645  
1633  646  
1591  648  
1544  648  
1492  649  
1407  651  
1352  652  
1302  653  
1256  654  
1216  656  
1169  656  
1147  656  
1132  655  
1124  652  
1121  647  
1189  331  
1192  326  
1187  330  
1175  339  
1161  350  
1144  364  
1130  378  
1118  399  
1116  411  
1122  420  
1134  426  
1152  429  
1182  428  
1201  425  
1218  422  
1231  419  
1237  418  
1237  420  
1230  427  
1215  439  
1194  457  
1167  482  
1135  515  
1078  576  
1042  622  
1015  670  
998  724  
994  780  
1007  849  
1027  895  
1058  945  
1103  987  
1156  1017  
1241  1045  
1309  1049  
1370  1041  
1433  1030  
1495  1020  
1542  1006  
1616  955  
1670  908  
1688  887  
1167  248  
1165  246  
1165  246  
1165  246  
1165  247  
1167  250  
1169  253  
1170  255  
1749  876  
1743  875  
1734  875  

