1778  759  
1777  757  
1781  752  
1785  751  
1791  751  
1795  752  
1797  754  
1797  755  
1790  758  
1783  758  
1775  758  
1771  757  
1770  756  
1772  754  
1775  753  
1779  753  
1782  753  
1782  755  
1782  758  
1780  759  
1777  760  
1776  759  
1777  758  
1782  757  
1791  756  
1796  756  
1798  758  
1799  761  
1797  763  
1791  764  
1787  764  
1785  762  
1784  760  
1785  759  
1789  758  
1791  759  
1793  761  
1793  763  
1793  767  
1790  771  
1783  773  
1780  774  
1778  772  
1778  769  
1781  764  
1789  756  
1795  752  
1801  750  
1806  750  
1809  752  
1808  760  
1804  765  
1798  770  
1789  774  
1780  776  
1773  775  
1767  770  
1769  766  
1775  761  
1783  757  
1792  755  
1802  756  
1804  758  
1802  761  
1797  765  
1790  768  
1781  770  
1777  770  
1777  769  
1777  766  
1779  764  
1781  763  
1782  763  
1782  765  
1783  768  
1783  771  
1783  774  
1782  777  
1781  779  
1781  779  
1782  779  
1783  779  
1784  779  
1784  781  
1785  784  
1785  790  
1787  797  

