1113  372  
1108  365  
1109  363  
1113  361  
1126  357  
1139  354  
1156  351  
1178  350  
1202  350  
1244  350  
1275  352  
1306  354  
1336  356  
1364  359  
1389  362  
1418  366  
1430  369  
1436  372  
1437  375  
1432  379  
1408  388  
1383  397  
1353  409  
1319  423  
1287  441  
1244  475  
1217  505  
1191  540  
1165  581  
1142  624  
1124  670  
1111  750  
1112  802  
1122  846  
1139  885  
1160  927  
1204  991  
1252  1020  
1310  1030  
1358  1029  
1401  1022  
1449  1011  
1506  985  
1520  973  
1279  215  
1273  214  
1273  217  
1270  222  
1270  224  
1269  226  
1270  227  
1272  229  
1279  230  
1283  231  
1286  231  
1287  230  
1288  230  
1287  229  
1283  229  
1279  232  
1273  234  
1164  509  
1163  505  
1161  500  
1158  491  
1154  481  
1149  468  
1143  453  
1135  436  
1128  418  
1117  389  
1112  369  
1109  350  
1108  333  
1111  316  
1125  296  
1141  286  
1161  280  
1184  278  
1209  279  

