1722  874  
1705  871  
1663  867  
1620  868  
1575  873  
1539  881  
1503  887  
1459  890  
1400  889  
1376  885  
1360  881  
1350  877  
1345  873  
1342  869  
1343  864  
1406  704  
1405  697  
1400  695  
1392  698  
1383  702  
1372  709  
1357  722  
1347  733  
1339  747  
1334  761  
1332  776  
1334  794  
1341  803  
1351  810  
1364  815  
1379  817  
1398  818  
1427  816  
1446  814  
1460  811  
1469  810  
1474  809  
1475  809  
1473  813  
1468  817  
1462  823  
1454  829  
1438  839  
1425  845  
1410  851  
1393  856  
1376  858  
1359  859  
1321  858  
1283  858  
1240  863  
1202  869  
1172  876  
1117  880  
1074  880  
1038  876  
1012  871  
990  865  
960  859  
943  857  
932  856  
927  854  
928  854  
1371  596  
1366  591  
1363  591  
1361  594  
1358  596  
1358  599  
1359  603  
1362  604  
1366  605  
1370  605  
1372  603  
1374  600  
1374  598  
1372  597  
1371  596  
1370  598  
1367  600  
1674  696  
1671  697  
1667  693  
1662  688  
1658  681  
1654  673  
1652  663  
1650  646  
1650  634  
1651  622  
1653  608  
1655  595  

