1274  832  
1224  834  
1181  839  
1137  843  
1067  844  
1033  841  
1009  839  
992  836  
979  834  
969  833  
961  834  
1701  654  
1709  648  
1713  648  
1713  646  
1711  645  
1701  646  
1691  650  
1678  656  
1663  664  
1647  673  
1627  691  
1615  706  
1606  721  
1601  736  
1600  751  
1603  765  
1617  781  
1630  790  
1647  796  
1665  800  
1682  803  
1706  805  
1720  804  
1730  802  
1738  800  
1742  798  
1743  797  
1743  797  
1740  798  
1734  800  
1725  803  
1713  806  
1687  811  
1663  813  
1635  816  
1602  820  
1566  826  
1504  836  
1449  841  
1393  841  
1343  838  
1289  835  
1206  840  
1159  846  
1105  849  
1055  849  
1032  846  
1878  954  
1885  956  
1885  958  
1881  961  
1861  968  
1837  973  
1802  978  
1731  993  

