1913  652  
1914  648  
1912  644  
1910  642  
1905  641  
1898  641  
1888  644  
1876  649  
1857  662  
1845  673  
1835  687  
1828  702  
1825  718  
1827  733  
1839  753  
1854  764  
1871  772  
1890  775  
1910  776  
1936  773  
1951  770  
1962  768  
1970  765  
1975  764  
1978  763  
1978  763  
1978  764  
1977  768  
1974  774  
1970  780  
1959  791  
1949  797  
1937  803  
1922  809  
1904  815  
1869  823  
1838  827  
1799  828  
1760  828  
1726  826  
1679  821  
1645  818  
1610  817  
1579  817  
1554  818  
1533  818  
1507  818  
1495  818  
1488  815  
1484  812  
1887  527  
1888  526  
1885  526  
1883  527  
1881  528  
1879  531  
1879  533  
1882  535  
1886  536  
1891  536  
1895  534  
1897  532  
1897  529  
1895  528  
1892  526  
1889  525  
1885  525  
1882  525  
1850  833  
1854  836  
1846  834  
1831  836  
1796  839  
1767  840  
1737  841  
1709  841  
1676  840  
1637  840  
1579  846  
1550  851  
1526  856  
1505  859  
1487  859  

