1469  856  
1463  852  
1461  846  
1462  836  
1466  824  
1473  800  
1476  780  
1476  758  
1474  736  
1470  716  
1464  699  
1454  682  
1447  675  
1442  671  
1439  671  
1438  670  
1442  674  
1451  679  
1466  683  
1485  687  
1507  690  
1541  695  
1563  697  
1582  698  
1598  699  
1611  699  
1621  699  
1630  698  
1631  698  
1631  698  
1631  699  
1628  701  
1617  711  
1607  720  
1594  730  
1580  742  
1565  756  
1538  779  
1517  796  
1493  811  
1467  825  
1439  836  
1412  845  
1378  854  
1359  856  
1336  856  
1306  856  
1268  856  
1212  864  
1184  870  
1157  875  
1125  878  
1090  878  
1048  875  
1030  872  
1016  870  
1005  867  
999  863  
1550  542  
1546  540  
1545  540  
1544  543  
1541  546  
1539  548  
1538  550  
1538  553  
1539  554  
1541  555  
1548  555  
1552  554  
1555  551  
1557  549  
1557  547  
1557  545  
1555  545  
1552  545  
1551  546  
1550  547  
1550  547  
1550  548  
1551  548  
1550  548  
1548  544  
1720  780  

