1820  859  
1812  860  
1798  862  
1778  863  
1754  864  
1713  861  
1677  857  
1626  856  
1573  862  
1530  870  
1457  875  
1407  871  
1370  862  
1338  852  
1306  843  
1275  834  
1240  823  
1225  813  
1214  802  
1207  790  
1200  775  
1192  754  
1187  743  
1183  733  
1180  726  
1177  722  
1176  720  
1176  722  
1176  727  
1179  737  
1181  749  
1184  765  
1188  791  
1191  808  
1193  824  
1194  840  
1192  857  
1186  890  
1180  920  
1173  950  
1162  974  
1147  993  
1124  1009  
1070  1026  
1033  1037  
1000  1045  
963  1050  
921  1049  
863  1037  
837  1021  
818  999  
803  970  
791  938  
779  889  
775  863  
778  838  
785  812  
796  785  
809  756  
831  719  
848  697  
1009  726  
1003  724  
1001  727  
1000  732  
1000  735  
1001  739  
1004  741  
1007  741  
1008  741  
1009  739  
1009  737  
1009  734  
1007  731  
1009  731  
1012  729  
1748  869  
1754  872  
1752  872  

