1555  846  
1557  841  
1559  835  
1562  825  
1565  817  
1568  807  
1571  796  
1574  785  
1579  765  
1583  750  
1587  738  
1591  727  
1595  718  
1599  710  
1605  703  
1610  702  
1615  704  
1621  710  
1629  718  
1642  733  
1651  746  
1661  760  
1671  774  
1681  788  
1694  806  
1701  816  
1704  824  
1705  830  
1704  835  
1698  838  
1682  840  
1664  840  
1644  840  
1621  840  
1598  839  
1574  839  
1563  837  
1554  834  
1548  831  
1543  828  
1539  821  
1537  816  
1536  810  
1535  804  
1534  798  
1533  791  
1531  782  
1530  777  
1529  773  
1528  770  
1528  768  
1528  768  
1528  769  
1528  772  
1528  777  
1528  784  
1528  792  
1530  805  
1531  813  
1532  821  
1533  828  
1534  834  
1535  843  
1535  848  
1535  853  
1534  857  
1531  860  
1524  866  
1515  869  
1503  871  
1486  873  
1461  874  
1433  874  
1394  872  
1373  868  
1355  864  
1336  860  
1313  858  
1278  857  
1258  858  
1242  859  
1231  861  
1226  861  
1222  862  
1222  862  
1222  863  
1223  863  
1222  863  
1223  864  
1479  812  
1482  807  
1483  798  
1486  785  
1489  768  
1497  739  
1502  718  
1509  694  
1516  672  
1522  651  

