978  946  
942  964  
895  978  
856  984  
830  985  
801  981  
780  977  
760  974  
742  971  
726  968  
712  967  
710  967  
708  969  
706  969  
772  644  
785  667  
805  701  
818  726  
830  755  
842  784  
852  809  
862  839  
867  856  
872  875  
878  902  
884  935  
892  972  
896  989  
900  1000  
903  1006  
906  1009  
910  1011  
915  1010  
1444  549  
1443  549  
1444  554  
1445  560  
1446  569  
1449  583  
1452  600  
1459  631  
1463  656  
1467  685  
1468  720  
1470  759  
1471  796  
1470  841  
1469  866  
1468  890  
1468  913  
1469  934  
1473  958  
1473  961  
1449  354  
1452  353  
1452  353  
1451  355  
1448  358  
1443  363  
1433  370  
1426  374  
1420  379  
1417  383  
1415  387  
1416  390  
1422  394  
1429  396  
1438  397  
1449  398  
1458  401  
1468  406  
1471  410  
1472  415  
1470  421  
1465  427  
1451  434  
1437  436  
1421  434  
847  566  
848  563  
850  565  
852  573  
852  586  
854  603  
855  623  
856  646  
856  680  
856  705  
855  732  
853  757  
851  780  
849  804  
847  814  
846  820  
844  823  
843  823  
841  820  
840  813  
840  800  
842  781  
843  757  
843  732  
844  695  
844  672  
843  649  
843  626  
842  604  
843  570  
844  549  
845  531  
847  512  
849  494  
853  471  
855  459  
858  448  
861  440  
864  434  
867  432  
874  433  
881  438  
891  446  
900  456  
909  465  
919  480  
924  491  
927  501  
927  511  
927  519  
919  529  
910  535  
899  538  
887  536  
880  531  

