1374  885  
1347  867  
1333  852  
1321  838  
1312  824  
1308  806  
1308  781  
1311  735  
1315  703  
1318  673  
1320  645  
1322  622  
1322  595  
1320  584  
1319  579  
1318  577  
1317  580  
1313  596  
1311  615  
1309  640  
1308  669  
1308  703  
1311  739  
1316  790  
1318  817  
1318  839  
1313  857  
1297  878  
1247  926  
1208  957  
1174  975  
1128  988  
1069  1001  
986  1024  
917  1032  
851  1028  
800  1020  
744  1014  
693  1011  
647  1002  
627  990  
608  971  
591  945  
582  914  
590  875  
603  859  
617  846  
634  837  
657  830  
704  822  
744  821  
782  822  
814  826  
839  829  
1063  670  
1063  672  
1058  682  
1049  691  
1037  701  
1025  711  
1012  725  
1007  733  
1007  739  

