1608  828  
1583  829  
1565  830  
1548  833  
1538  834  
1532  833  
1714  881  
1662  877  
1604  879  
1554  887  
1516  894  
1450  895  
1409  888  
1380  877  
1359  864  
1341  850  
1319  831  
1311  819  
1310  806  
1315  793  
1323  780  
1334  769  
1355  758  
1369  757  
1380  759  
1388  766  
1392  777  
1388  799  
1379  815  
1368  830  
1355  845  
1340  860  
1310  899  
1285  942  
1265  982  
1254  1011  
1254  1029  
1261  1040  
1282  1049  
1303  1049  
1327  1043  
1348  1033  
1365  1018  
1383  988  
1392  963  
1396  937  
1396  913  
1392  894  
1381  877  
1371  869  
1357  865  
1340  864  
1316  864  
1281  869  
1220  882  
1187  894  
1155  905  
1110  913  
1060  918  
1000  917  
948  914  
881  911  
1773  814  
1776  813  
1763  814  
1746  816  
1725  818  
1699  819  
1666  819  
1604  823  
1564  828  
1525  832  
1483  836  
1439  838  
1382  838  
1353  839  
1324  842  
1288  848  
1248  862  
1213  883  
1182  930  
1170  959  
1163  983  
1161  1002  
1165  1015  
1181  1028  
1197  1033  
1217  1034  
1242  1032  
1272  1025  
1320  1003  
1346  981  
1363  955  
1376  930  
1387  908  
1398  892  
1407  876  
1409  870  
1407  865  
1400  861  
1388  858  
1368  855  
1353  852  
1333  850  
1307  848  
1274  848  
1222  855  
1195  862  
1170  869  
1141  876  
1103  880  
1064  881  
1017  880  
990  876  
951  875  
899  878  
853  887  
805  900  
1622  813  
1622  813  
1617  812  
1613  813  
1603  815  
1594  816  
1583  819  
1570  822  
1556  825  
1530  831  
1511  834  
1491  837  
1467  838  
1443  839  
1421  839  

