1205  941  
1173  969  
1108  1001  
1057  1023  
1031  1032  
1637  627  
1637  628  
1633  629  
1623  630  
1602  629  
1587  625  
1573  619  
1559  610  
1545  598  
1525  576  
1511  561  
1497  546  
1481  532  
1466  521  
1450  512  
1427  505  
1413  505  
1400  508  
1388  515  
1378  525  
1367  544  
1361  559  
1357  575  
1353  594  
1349  616  
1343  654  
1338  682  
1331  713  
1324  746  
1316  780  
1306  810  
1285  847  
1258  879  
1226  926  
1202  972  
1183  1002  
1147  1033  
1111  1052  
1068  1072  
1024  1092  
981  1109  
938  1124  
874  1139  
833  1144  
787  1150  
734  1153  
706  1152  
1622  615  
1632  614  
1637  614  
1637  615  
1634  618  
1624  620  
1607  623  
1575  627  
1551  630  

