1239  395  
1239  389  
1240  383  
1240  381  
1240  380  
1239  380  
1236  382  
1232  386  
1229  392  
1228  398  
1231  401  
1236  401  
1241  401  
1247  398  
1251  394  
1253  389  
1253  387  
1251  385  
1245  387  
1243  388  
1346  226  
1340  229  
1330  226  
1316  229  
1287  236  
1265  243  
1243  252  
1222  263  
1203  277  
1187  292  
1170  318  
1165  334  
1166  350  
1173  365  
1187  376  
1217  387  
1241  392  
1266  393  
1291  393  
1316  392  
1346  388  
1361  384  
1371  380  
1376  377  
1377  376  
1377  375  
1367  377  
1354  383  
1337  392  
1317  404  
1294  419  
1251  449  
1220  473  
1187  502  
1153  535  
1120  572  
1077  632  
1053  674  
1034  721  
1020  771  
1012  815  
1013  852  
1027  911  

