1566  835  
1581  812  
1673  599  
1675  592  
1678  592  
1676  592  
1671  592  
1664  594  
1654  598  
1636  607  
1623  616  
1609  626  
1597  637  
1586  651  
1575  673  
1570  689  
1570  707  
1572  725  
1579  741  
1589  756  
1610  773  
1627  780  
1647  783  
1666  783  
1683  781  
1705  773  
1716  766  
1724  757  
1731  749  
1736  742  
1739  734  
1740  732  
1741  731  
1741  730  
1741  731  
1741  733  
1741  741  
1741  749  
1741  759  
1741  770  
1743  781  
1748  797  
1750  807  
1751  815  
1752  822  
1750  827  
1741  833  
1729  834  
1712  835  
1692  834  
1665  833  
1631  833  
1575  837  
1539  841  
1497  844  
1445  845  
1392  842  
1325  834  

