1358  575  
1357  578  
1359  580  
1367  581  
1374  581  
1381  578  
1385  575  
1387  572  
1386  569  
1382  568  
1376  568  
1370  569  
1365  572  
1362  574  
1362  578  
1366  579  
1371  580  
1376  580  
1379  578  
1380  575  
1380  572  
1377  570  
1372  568  
1367  566  
1677  716  
1677  717  
1677  720  
1679  725  
1680  732  
1681  737  
1681  743  
1681  750  
1680  759  
1672  772  
1662  780  
1649  788  
1631  795  
1609  802  
1569  815  
1538  824  
1498  833  
1448  840  
1398  843  
1355  843  
1279  841  
1222  846  
1174  853  
1123  857  
1070  854  
1011  843  
982  833  
954  825  
928  816  
907  807  
887  793  
881  782  
879  768  
880  754  
884  740  
892  727  
908  709  
923  699  
940  690  
947  685  
1213  666  
1215  666  
1215  665  
1215  665  
1215  665  
1214  664  
1213  664  
1213  665  
1212  666  
1211  667  
1212  669  
1212  669  
1212  669  
1212  669  
1212  668  
1212  668  
1212  668  
1211  667  
1209  666  
1376  670  
1375  668  
1378  671  
1378  670  
1378  669  
1377  668  
1375  667  
1374  666  
1372  666  
1372  666  
1372  666  
1372  666  
1372  666  
1373  666  
1373  666  

