1205  1242  
1249  1240  
1314  1231  
1360  1220  
1407  1207  
1453  1191  
1476  1184  
1315  310  
1286  323  
1268  332  
1248  342  
1229  355  
1212  368  
1195  387  
1193  399  
1198  409  
1209  415  
1225  418  
1257  418  
1280  415  
1303  411  
1322  407  
1336  404  
1343  403  
1344  402  
1337  404  
1323  411  
1304  422  
1280  439  
1240  474  
1209  505  
1177  542  
1145  582  
1117  625  
1082  698  
1069  753  
1063  808  
1066  854  
1079  899  
1104  949  
1150  1012  
1186  1042  
1231  1063  
1283  1074  
1334  1077  
1408  1074  
1466  1066  
1523  1055  
1573  1038  
1260  203  
1254  206  
1251  209  
1248  213  
1248  217  
1248  220  
1253  221  
1258  220  
1262  217  
1264  213  
1265  210  
1264  206  
1262  204  
1262  204  
1261  203  
1390  408  
1395  411  

