1233  582  
1233  582  
1232  583  
1231  582  
1569  916  
1568  915  
1568  913  
1567  911  
1567  909  
1567  907  
1567  904  
1568  901  
1570  895  
1575  885  
1580  877  
1586  869  
1592  859  
1600  850  
1611  837  
1617  828  
1622  819  
1627  810  
1631  803  
1634  796  
1638  788  
1641  784  
1642  783  
1644  782  
1647  782  
1653  788  
1659  795  
1665  803  
1671  812  
1679  820  
1692  834  
1702  844  
1711  854  
1718  864  
1724  874  
1727  883  
1728  894  
1726  901  
1720  907  
1710  913  
1696  917  
1668  921  
1646  921  
1622  919  
1602  913  
1585  907  
1573  900  
1562  890  
1556  883  
1552  877  
1549  871  
1548  866  
1547  858  
1547  852  
1547  848  
1547  845  
1547  844  
1547  843  
1547  843  
1547  844  
1548  848  
1548  855  
1548  863  
1548  880  
1548  895  
1548  916  
1548  940  
1548  962  
1548  995  
1546  1012  
1541  1024  
1534  1033  
1523  1041  
1500  1049  
1481  1052  
1457  1054  
1433  1054  
1413  1053  
1396  1050  
1374  1042  
1363  1035  
1354  1026  
1347  1016  
1341  1001  
1329  967  
1321  939  
1313  907  

