1256  947  
1265  899  
1275  862  
1284  839  
1292  819  
1304  784  
1314  758  
1324  734  
1335  712  
1349  693  
1373  673  
1390  665  
1410  661  
1431  662  
1453  667  
1487  685  
1511  703  
1534  725  
1557  752  
1580  781  
1602  806  
1640  838  
1667  860  
1691  890  
1709  928  
1718  967  
1722  1009  
1719  1028  
1712  1043  
1697  1057  
1673  1069  
1641  1079  
1582  1089  
1538  1094  
1486  1099  
1427  1103  
1369  1108  
1285  1114  
1228  1115  
1173  1115  
1118  1115  
1063  1117  
998  1121  
964  1122  
1227  318  
1226  303  
1226  291  
1226  290  
1227  293  
1228  301  
1231  322  
1234  342  
1238  367  
1244  396  
1252  428  
1266  479  
1276  516  
1287  555  
1296  594  
1304  633  
1314  692  
1319  731  
1473  413  
1475  412  
1473  411  
1471  411  
1466  411  
1456  417  
1450  422  
1446  427  
1444  433  
1445  437  
1448  439  
1457  439  
1464  436  
1469  432  
1472  428  
1472  424  
1470  422  
1468  420  
1465  420  
1463  420  
1462  421  
1462  424  

