1480  532  
1488  530  
1492  528  
1494  526  
1494  526  
1492  525  
1486  525  
1482  526  
1481  527  
1481  528  
1481  529  
1482  530  
1482  529  
1780  925  
1784  933  
1772  934  
1748  938  
1729  938  
1707  937  
1674  934  
1628  929  
1565  920  
1538  913  
1516  905  
1493  895  
1469  883  
1439  861  
1425  843  
1417  824  
1411  801  
1409  774  
1409  746  
1414  708  
1420  687  
1426  672  
1433  662  
1441  656  
1456  656  
1468  661  
1482  670  
1495  683  
1507  700  
1518  719  
1531  750  
1537  771  
1539  791  
1536  806  
1528  819  
1504  837  
1478  846  
1441  854  
1400  859  
1363  860  
1295  859  
1237  865  
1187  877  
1140  888  
1083  894  
1030  894  
955  888  
923  890  
1447  526  
1449  526  
1448  525  
1448  524  
1446  523  
1444  523  
1442  524  
1441  526  
1443  527  
1445  528  
1448  528  
1450  528  
1451  526  
1452  524  
1450  522  
1449  521  
1446  520  
1682  690  
1683  693  

