1213  611  
1214  611  
1215  611  
1215  612  
1215  611  
1212  606  
1654  726  
1653  723  
1649  718  
1649  718  
1649  718  
1649  718  
1649  719  
1650  722  
1650  726  
1651  731  
1652  740  
1654  748  
1655  757  
1658  767  
1660  776  
1662  786  
1665  799  
1667  806  
1669  813  
1669  819  
1669  824  
1664  830  
1657  833  
1645  836  
1629  839  
1607  842  
1574  849  
1553  854  
1530  860  
1503  866  
1468  870  
1429  871  
1377  868  
1347  863  
1311  860  
1265  860  
1224  865  
1182  875  
1159  880  
1138  882  
1120  883  
1104  884  
1085  883  
1078  881  
1341  663  
1344  667  
1342  666  
1338  665  
1336  667  
1334  670  
1334  671  
1334  672  
1335  672  
1337  673  
1340  673  
1343  671  
1344  669  
1344  667  
1344  666  
1344  665  
1344  666  
1507  659  
1503  657  
1503  661  
1501  663  
1497  669  
1496  671  
1496  672  
1499  673  
1503  673  
1509  669  
1511  667  
1512  666  
1512  664  
1509  663  
1501  663  
1497  661  
1413  560  
1415  558  
1415  557  
1415  557  
1414  557  
1412  557  
1410  558  
1409  560  
1409  562  
1410  563  
1412  564  
1415  564  
1417  563  
1418  562  
1419  560  
1418  559  
1416  559  
1412  560  
1409  561  
1409  561  
1409  562  
1411  562  
1412  562  
1816  896  
1818  894  
1817  894  
1815  893  
1810  892  
1802  892  
1785  893  
1773  893  
1759  893  
1746  893  
1734  891  
1714  889  
1696  886  
1673  885  
1644  884  
1614  884  
1578  884  
1564  885  
1554  884  
1547  881  
1541  877  
1538  873  
1534  866  
1533  859  

