1567  424  
1571  417  
1571  412  
1567  408  
1561  405  
1559  406  
1594  480  
1598  483  
1598  483  
1598  483  
1598  483  
1597  482  
1597  481  
1597  481  
1597  481  
1596  481  
1594  481  
1591  481  
1590  481  
1590  481  
1590  481  
1590  481  
1590  484  
1591  484  
1529  685  
1554  686  
1570  685  
1585  684  
1598  683  
1605  682  
1609  682  
1608  683  
1602  685  
1590  688  
1571  691  
1548  694  
1507  695  
1480  696  
1452  695  
1427  692  
1405  689  
1379  683  
1368  678  
1361  672  
1356  667  
1353  663  
1352  659  
1352  659  
1353  660  
1357  665  
1361  673  
1367  684  
1374  707  
1376  726  
1377  747  
1376  770  
1371  793  
1357  820  
1344  832  
1324  841  
1296  847  
1260  854  
1209  865  
1183  868  
1158  867  
1129  858  
1097  845  
1070  828  
1044  794  
1034  765  
1030  733  
1031  702  
1037  673  
1055  632  
1072  609  
1093  589  
1116  574  
1127  567  
1432  557  
1426  559  
1422  564  
1421  571  
1423  575  
1427  578  
1432  578  
1436  577  
1438  574  
1438  568  
1438  565  
1435  564  
1437  565  
1546  567  
1539  570  
1532  574  
1527  577  
1524  581  
1527  585  
1533  585  
1541  584  
1547  580  
1551  575  
1553  570  
1554  563  
1502  500  
1500  495  
1495  495  
1490  499  
1484  507  
1484  512  
1488  515  
1494  516  
1502  515  
1509  511  
1510  506  
1510  502  
1510  498  
1510  496  
1892  754  
1894  746  
1897  738  
1897  731  
1897  727  
1897  726  
1897  726  
1897  727  
1899  734  
1902  744  
1905  759  
1908  776  
1911  794  
1913  817  
1913  829  

