1523  891  
1498  896  
1466  899  
1416  900  
1391  899  
1372  896  
1355  893  
1340  888  
1323  883  
1300  876  
1290  872  
1284  867  
1281  862  
1279  856  
1277  846  
1277  839  
1276  832  
1276  824  
1276  815  
1275  800  
1275  789  
1274  778  
1273  767  
1273  756  
1273  747  
1273  736  
1273  731  
1273  728  
1273  726  
1273  726  
1273  726  
1273  729  
1273  734  
1273  742  
1273  752  
1273  764  
1272  783  
1271  794  
1270  805  
1269  814  
1268  822  
1267  831  
1268  837  
1268  842  
1268  846  
1265  851  
1256  858  
1246  863  
1233  869  
1219  875  
1205  881  
1191  887  
1165  895  
1142  899  
1110  901  
1072  901  
1038  899  
995  893  
957  888  
907  887  
862  891  
831  896  
789  900  
755  900  
720  897  
694  892  
674  885  
658  877  
638  864  
625  854  
614  844  
604  835  
595  826  
584  811  
579  800  
575  789  
573  776  
573  763  
575  742  
579  729  
585  718  
594  708  
605  698  
618  691  
637  686  
649  685  
659  685  
670  687  
684  690  
698  691  
894  713  
894  715  
895  716  
895  716  
895  716  
895  716  
894  716  
893  716  
892  716  
893  716  
895  716  
897  714  
898  712  
898  711  
898  710  
897  711  
892  712  
1045  727  
1045  729  
1045  729  
1044  729  
1042  730  
1042  731  
1041  731  
1041  732  
1043  732  
1045  732  
1046  730  
1047  729  
1048  728  
1048  728  
1048  727  
1046  725  
982  656  
982  654  
983  654  
983  654  
982  654  
981  654  
981  654  
981  654  

