1383  422  
1379  422  
1378  422  
1378  423  
1378  423  
1380  423  
1382  422  
1383  422  
1384  424  
1385  425  
1328  502  
1328  493  
1328  489  
1328  486  
1328  485  
1328  485  
1328  486  
1330  490  
1334  495  
1339  503  
1345  512  
1358  528  
1367  542  
1377  557  
1389  573  
1402  591  
1417  610  
1441  639  
1459  660  
1476  682  
1492  705  
1508  731  
1529  768  
1538  790  
1543  808  
1545  823  
1545  836  
1539  853  
1531  865  
1519  876  
1504  887  
1483  897  
1453  904  
1404  912  
1375  916  
1346  918  
1303  922  
1248  928  
1189  937  
1163  940  
1136  942  
1108  944  
1083  946  
1061  948  
1053  948  
1050  946  
1301  348  
1301  344  
1303  340  
1303  337  
1304  331  
1304  328  
1303  325  
1302  324  
1300  323  
1297  326  
1294  331  
1293  337  
1293  342  
1296  346  
1303  347  
1308  346  
1313  344  
1315  340  
1315  337  
1313  333  
1307  330  
1303  330  
1299  330  
1297  331  
1297  333  
1297  333  
1297  333  
1299  332  
1300  331  
1299  331  
1300  331  
1737  769  
1750  767  
1762  767  
1764  767  

