1764  767  
1759  769  
1741  775  
1723  778  
1701  782  
1677  785  
1648  788  
1598  795  
1563  801  
1526  806  
1484  810  
1437  811  
1377  808  
1346  804  
1318  798  
1292  792  
1270  785  
1252  777  
1232  760  
1223  746  
1215  731  
1209  715  
1204  696  
1198  669  
1192  650  
1187  632  
1183  615  
1178  600  
1173  586  
1167  570  
1163  562  
1159  557  
1157  555  
1156  555  
1155  560  
1155  568  
1157  579  
1160  594  
1164  611  
1172  639  
1179  659  
1187  679  
1197  700  
1205  723  
1212  744  
1215  774  
1212  791  
1206  805  
1196  817  
1183  826  
1155  839  
1128  845  
1094  850  
1059  852  
1031  852  
994  849  
969  846  
941  844  
916  844  
898  844  
885  845  
874  847  
871  848  
870  849  
870  846  
1144  435  
1142  433  
1142  432  
1141  433  
1139  434  
1137  436  
1136  439  
1138  443  
1141  443  

