1265  523  
1272  530  
1279  541  
1288  554  
1298  569  
1307  587  
1320  616  
1327  638  
1332  661  
1336  683  
1339  704  
1342  734  
1343  754  
1340  771  
1332  785  
1320  795  
1291  804  
1265  809  
1237  813  
1208  817  
1182  820  
1154  821  
1111  821  
1085  820  
1064  818  
1049  816  
1040  815  
1034  815  
1032  817  
1034  819  
1393  565  
1393  565  
1391  561  
1391  561  
1391  561  
1391  562  
1391  564  
1395  570  
1398  577  
1403  586  
1409  597  
1417  608  
1425  620  
1439  641  
1450  657  
1462  674  
1473  692  
1483  711  
1493  741  
1498  761  
1499  780  
1497  795  
1490  809  
1477  821  
1444  833  
1418  838  
1391  839  
1367  838  
1343  835  
1300  831  
1269  830  
1239  830  
1215  832  
1198  834  
1179  836  
1170  837  
1165  839  
1165  840  
1165  838  
1381  410  
1384  410  
1383  408  
1382  407  
1381  406  
1378  406  
1374  408  
1370  412  
1366  421  
1366  426  
1367  429  
1371  430  
1375  430  
1383  428  
1387  425  
1388  424  
1388  423  
1387  422  

