1283  976  
1288  973  
1289  969  
1290  965  
1288  962  
1284  961  
1280  962  
1277  963  
1277  965  
1277  966  
1278  967  
1279  969  
1279  972  
1272  971  
1570  803  
1574  801  
1578  801  
1578  801  
1575  802  
1568  804  
1548  807  
1529  809  
1506  812  
1475  814  
1438  816  
1383  817  
1351  816  
1318  815  
1282  815  
1247  816  
1208  819  
1189  821  
1173  823  
1159  824  
1150  822  
1148  819  
1149  818  
975  765  
972  751  
978  736  
984  726  
991  715  
999  705  
1009  695  
1029  686  
1046  683  
1064  682  
1084  684  
1106  687  
1126  693  
1152  709  
1166  723  
1175  738  
1180  755  
1182  773  
1175  800  
1165  819  
1149  839  
1130  861  
1104  886  
1061  934  
1039  972  
1023  1009  
1010  1041  
1001  1070  
998  1099  
1006  1145  
1019  1173  
1039  1196  
1065  1215  
1096  1230  
1145  1242  
1178  1246  
1211  1246  
1242  1243  
1270  1238  
1307  1227  
1315  1220  
1196  1094  

