1635  869  
1600  871  
1569  875  
1532  882  
1505  886  
1470  888  
1433  888  
1403  886  
1374  883  
1363  881  
1354  879  
1170  839  
1177  835  
1181  826  
1185  820  
1189  812  
1196  796  
1201  781  
1206  764  
1213  745  
1220  727  
1232  702  
1241  689  
1250  682  
1259  678  
1270  680  
1287  691  
1298  706  
1311  724  
1325  746  
1340  770  
1357  793  
1384  821  
1404  836  
1426  846  
1448  854  
1469  858  
1492  858  
1500  858  
1504  858  
1504  858  
1500  860  
1482  865  
1458  870  
1429  873  
1399  875  
1370  875  
1337  874  
1257  880  
1205  892  
1165  904  
1118  909  
1069  909  
1015  900  
986  893  
949  888  
907  886  
874  886  
855  890  
843  889  
1241  561  
1241  564  
1238  561  
1233  563  
1229  564  
1225  565  
1224  567  
1224  568  
1229  569  
1233  568  
1237  567  
1240  564  
1240  562  
1240  561  

