1353  854  
1345  855  
1336  855  
1326  853  
1310  849  
1300  846  
1290  843  
1280  841  
1268  840  
1246  839  
1229  840  
1213  843  
1197  845  
1180  849  
1150  854  
1126  855  
1098  856  
1071  856  
1050  853  
1033  848  
1010  841  
996  834  
982  829  
967  825  
952  822  
930  823  
918  826  
910  831  
904  836  
898  844  
885  859  
871  871  
855  887  
840  907  
825  925  
807  938  
770  943  
738  940  
708  930  
685  911  
668  889  
650  856  
644  835  
645  813  
656  789  
677  763  
729  728  
775  709  
824  694  
1311  998  
1313  1005  
1305  997  
1604  729  
1604  733  
1604  733  
1604  729  
1607  724  
1611  716  
1616  708  
1623  701  
1628  701  
1635  705  
1644  712  
1658  721  
1664  723  
1897  790  
1895  788  
1895  788  
1896  791  
1897  796  
1898  803  
1899  811  
1900  821  
1899  837  
1898  848  
1896  859  
1894  868  
1891  876  
1884  885  
1879  887  
1873  887  
1867  884  
1862  878  
1856  870  
1851  857  
1850  848  
1850  839  
1851  831  
1853  824  
1856  816  
1856  813  
1857  812  
1857  812  
1860  816  
1862  827  
1863  836  
1862  848  
1859  860  
1856  873  
1851  883  
1842  894  
1835  898  
1829  899  
1822  898  
1816  894  
1811  883  
1810  873  
1810  862  
1811  850  
1813  840  
1814  827  
1814  821  
1813  817  
1813  817  
1812  817  

