1462  424  
1512  1018  
1513  1007  
1518  996  
1521  982  
1527  955  
1532  931  
1537  905  
1543  881  
1553  860  
1563  842  
1582  815  
1595  797  
1607  779  
1620  763  
1632  749  
1650  739  
1663  738  
1679  740  
1697  748  
1719  761  
1743  777  
1785  803  
1816  820  
1845  835  
1868  849  
1882  863  
1894  884  
1897  901  
1896  921  
1891  943  
1882  961  
1856  981  
1824  991  
1785  1000  
1749  1009  
1715  1019  
1671  1027  
1587  1029  
1543  1025  
1503  1022  
1457  1022  
1413  1024  
1366  1030  
1345  1035  
1323  1037  
1305  1038  
1436  481  
1432  490  
1430  507  
1430  530  
1431  557  
1436  604  
1441  639  
1446  678  
1452  724  
1458  775  
1464  822  
1470  879  
1472  923  
1471  967  
1469  1003  
1603  607  
1602  607  
1599  607  
1597  609  
1595  613  
1595  618  
1596  619  
1600  620  
1604  619  
1609  616  
1614  611  
1615  609  
1614  608  
1611  607  
1606  608  
1602  610  
1600  612  
1600  612  
1602  613  
1603  613  
1603  613  
1601  610  
1814  1002  

