1166  951  
1187  999  
1218  1031  
1261  1049  
1328  1056  
1366  1051  
1402  1042  
1440  1031  
1474  1015  
1500  995  
1183  500  
1175  490  
1170  486  
1162  478  
1152  468  
1142  456  
1127  434  
1119  417  
1114  400  
1112  383  
1114  366  
1128  342  
1144  329  
1166  318  
1190  311  
1217  307  
1245  307  
1286  315  
1311  325  
1331  337  
1347  351  
1356  366  
1360  392  
1356  411  
1344  430  
1325  451  
1296  474  
1239  515  
1194  545  
1150  575  
1111  607  
1076  644  
1045  684  
1011  756  
1001  803  
1000  842  
1007  883  
1020  934  
1052  997  
1089  1021  
1132  1038  
1173  1053  
1214  1063  
1283  1067  
1329  1064  
1368  1058  
1406  1050  
1444  1041  
1459  1035  
1841  782  
1844  784  
1844  783  
1841  783  
1830  783  
1819  784  
1805  784  
1788  786  
1767  787  
1734  788  
1712  788  
1689  788  
1664  786  
1639  785  

