1732  631  
1733  635  
1734  641  
1735  648  
1736  654  
1737  662  
1737  670  
1738  684  
1740  695  
1741  706  
1742  718  
1743  729  
1743  748  
1743  760  
1743  772  
1742  783  
1739  793  
1735  802  
1722  814  
1711  820  
1697  824  
1680  828  
1660  831  
1617  836  
1585  841  
1556  848  
1525  856  
1487  862  
1416  866  
1376  864  
1337  859  
1287  856  
1231  860  
1183  869  
1110  879  
1057  878  
1015  872  
977  865  
932  858  
868  856  
841  855  
821  852  
804  847  
788  840  
773  831  
755  815  
745  802  
737  787  
731  769  
725  751  
718  724  
716  707  
716  691  
718  677  
723  663  
733  643  
743  631  
757  621  
775  613  
793  606  
809  600  
814  596  
1157  557  
1154  554  
1154  553  
1151  553  
1148  553  
1140  555  
1135  559  
1131  563  
1130  568  
1132  571  
1137  572  
1149  570  
1159  568  
1165  564  
1168  560  
1168  558  
1163  556  
1157  556  
1151  559  
1148  562  
1147  565  
1147  569  
1149  571  
1152  572  
1155  573  
1158  573  
1160  571  
1160  567  
1158  565  
1156  564  
1155  561  
1158  561  
1383  563  
1379  560  
1378  560  
1375  561  
1367  567  
1361  571  

