1706  437  
1705  436  
1947  866  
1941  869  
1933  866  
1930  865  
1928  862  
1927  858  
1927  850  
1928  844  
1930  837  
1933  830  
1936  821  
1942  807  
1946  796  
1950  784  
1955  773  
1959  762  
1965  749  
1967  743  
1969  740  
1971  738  
1972  739  
1974  742  
1978  754  
1980  766  
1983  778  
1987  791  
1990  805  
1996  823  
2000  834  
2006  845  
2012  856  
2019  869  
2030  892  
2034  910  
2035  927  
2031  943  
2020  956  
2001  967  
1956  980  
1928  985  
1903  986  
1877  987  
1843  988  
1774  992  
1735  998  
1697  1007  
1643  1012  
1587  1013  
1530  1007  
1499  1005  
1465  1005  
1433  1007  
1408  1010  
1392  1014  
1380  1016  
1939  856  
1939  855  
1941  855  
1943  854  
1945  854  
1948  854  
1952  854  
1957  855  
1965  856  
1972  856  
1983  856  
1989  856  
1995  854  
2003  853  
2012  852  
2015  850  
1985  637  
1982  637  
1978  638  
1975  641  
1974  643  
1974  646  
1977  649  
1981  650  
1986  650  
1988  648  
1988  646  
1982  641  
1976  640  
1902  901  

