1352  397  
1351  397  
1348  399  
1344  402  
1341  406  
1341  409  
1343  409  
1346  410  
1349  409  
1351  408  
1352  405  
1352  405  
1350  404  
1348  403  
1514  482  
1514  483  
1516  485  
1518  488  
1521  494  
1523  501  
1527  510  
1531  520  
1540  539  
1546  554  
1553  571  
1560  589  
1566  608  
1574  640  
1578  664  
1580  688  
1580  716  
1579  746  
1574  778  
1560  821  
1547  846  
1531  872  
1515  903  
1497  938  
1453  987  
1417  1014  
1383  1038  
1350  1058  
1313  1075  
1253  1097  
1215  1112  
1177  1126  
1135  1139  
1088  1151  
1041  1160  
1019  1161  
1502  407  
1499  407  
1497  409  
1496  413  
1495  415  
1496  417  
1499  419  
1502  419  
1504  419  
1505  417  
1505  416  
1503  413  
1500  411  

