1909  910  
1877  924  
1848  931  
1808  937  
1764  941  
1730  945  
1681  949  
1637  949  
1595  944  
1568  935  
1554  921  
1546  905  
1542  880  
1543  862  
1546  844  
1548  823  
1549  797  
1541  746  
1530  712  
1515  681  
1496  655  
1474  632  
1452  613  
1426  590  
1413  577  
1406  566  
1404  556  
1411  544  
1441  525  
1474  513  
1515  502  
1560  492  
1606  484  
1676  477  
1724  475  
1771  475  
1795  477  
1542  937  
1544  932  
1544  931  
1544  930  
1544  929  
1545  928  
1544  927  
1542  925  
1539  924  
1533  924  
1524  927  
1510  930  
1477  932  
1443  934  
1407  936  
1376  937  
1343  940  
1263  945  
1212  947  
1178  948  
1149  948  
1117  948  
1072  949  
1052  949  
1042  950  
1878  977  
1863  983  
1846  989  
1821  994  
1788  999  

