958  745  
950  740  
942  737  
934  735  
929  732  
1585  752  
1577  748  
1566  749  
1550  750  
1529  751  
1487  753  
1451  754  
1411  756  
1373  757  
1337  757  
1301  757  
1250  759  
1220  761  
1196  763  
1177  765  
1160  769  
1143  774  
1136  778  
1135  780  
946  676  
942  665  
940  650  
942  638  
944  631  
949  625  
958  620  
971  617  
988  615  
1022  615  
1047  617  
1075  621  
1102  626  
1127  634  
1157  649  
1173  661  
1183  673  
1190  687  
1192  704  
1186  732  
1176  757  
1162  783  
1142  809  
1117  833  
1088  857  
1053  895  
1039  929  
1030  967  
1026  1004  
1027  1033  
1041  1069  
1062  1091  
1092  1113  
1128  1131  
1164  1145  

