1649  392  
1650  395  
1650  401  
1651  411  
1653  425  
1654  443  
1657  463  
1661  499  
1663  528  
1665  561  
1668  596  
1672  632  
1680  688  
1686  726  
1692  765  
1698  800  
1703  827  
1702  859  
1693  880  
1671  906  
1627  940  
1575  971  
1528  990  
1439  1010  
1374  1025  
1309  1038  
1236  1042  
1171  1039  
1076  1035  
1024  1034  
985  1032  
946  1026  
905  1009  
862  959  
850  919  
848  884  
854  860  
865  839  
880  819  
907  788  
927  765  
951  744  
978  725  
1008  710  
1062  696  
1100  694  
1137  696  
1170  705  
1198  717  
1234  740  
1256  756  
1265  761  
1458  470  
1462  469  
1462  467  
1455  470  
1442  476  
1426  484  
1411  494  
1398  506  
1386  524  
1385  535  
1391  544  
1402  550  
1416  553  
1444  554  
1465  551  
1486  548  
1503  546  
1516  546  
1525  547  
1532  554  

