1389  408  
1380  405  
1357  397  
1337  389  
1315  379  
1294  368  
1275  357  
1253  337  
1244  323  
1237  310  
1232  297  
1231  284  
1235  272  
1252  258  
1271  252  
1294  249  
1320  249  
1345  252  
1381  260  
1401  269  
1417  279  
1425  291  
1426  304  
1414  326  
1394  344  
1365  366  
1327  391  
1283  421  
1236  455  
1166  514  
1121  560  
1076  610  
1035  664  
1001  723  
975  811  
976  857  
987  910  
998  978  
1013  1031  
1060  1076  
1112  1100  
1169  1118  
1226  1128  
1284  1129  
1339  1121  
1417  1103  
1470  1089  
1519  1073  
1557  1054  
1594  1031  
1359  160  
1359  160  
1356  155  
1355  155  
1353  156  
1349  160  
1348  162  
1348  164  
1350  164  
1352  164  
1354  163  
1355  161  
1355  160  
1355  160  
1355  159  
1355  160  
1354  159  

