1522  571  
1521  568  
1839  856  
1836  858  
1826  863  
1805  864  
1779  865  
1750  865  
1705  861  
1664  860  
1610  863  
1560  872  
1520  883  
1472  890  
1396  892  
1360  887  
1322  881  
1274  877  
1231  877  
1194  875  
1180  870  
1170  863  
1163  852  
1160  839  
1160  816  
1163  797  
1168  774  
1174  748  
1179  723  
1185  698  
1193  667  
1199  649  
1205  634  
1211  624  
1217  618  
1228  616  
1237  619  
1249  626  
1262  636  
1276  650  
1294  676  
1303  695  
1307  716  
1307  735  
1302  753  
1292  770  
1267  788  
1244  796  
1222  802  
1201  805  
1182  805  
1153  798  
1135  788  
1119  774  
1105  756  
1095  738  
1086  713  
1083  699  
1080  689  
1079  684  
1079  683  
1079  686  
1083  702  
1089  720  
1095  745  
1102  775  
1109  804  
1120  844  
1124  868  
1123  895  
1116  926  
1099  956  
1063  992  
1038  1011  
1011  1026  
980  1036  
938  1041  
889  1037  
836  1016  
811  994  
787  967  
765  938  
745  907  
724  866  
718  841  
720  812  
728  778  
741  743  
757  710  
789  671  
816  652  
843  632  
1226  491  
1222  494  
1216  496  
1212  501  
1211  505  
1213  508  
1217  510  
1221  510  
1226  508  
1226  505  
1225  502  
1223  498  
1220  496  
1218  497  
1217  497  
1875  836  

