1141  845  
1142  846  
1144  848  
1767  882  
1764  879  
1765  880  
1768  882  
1767  882  
1765  882  
1757  882  
1750  881  
1740  881  
1730  879  
1717  877  
1702  874  
1670  870  
1641  868  
1607  869  
1576  873  
1553  877  
1525  882  
1508  883  
1491  881  
1476  877  
1461  872  
1445  861  
1438  852  
1432  843  
1428  832  
1425  820  
1423  806  
1421  782  
1420  766  
1418  752  
1416  740  
1415  729  
1415  716  
1414  709  
1414  703  
1413  700  
1413  698  
1413  698  
1413  698  
1413  702  
1413  708  
1413  716  
1412  727  
1411  746  
1411  760  
1411  775  
1412  789  
1414  801  
1417  817  
1418  825  
1418  832  
1416  838  
1412  843  
1402  848  
1393  851  
1381  854  
1369  854  
1355  854  
1337  852  
1297  851  
1260  852  
1222  857  
1192  865  
1162  873  
1105  879  
1062  880  
1028  879  
1000  876  
970  873  
914  871  
883  873  
860  876  
846  878  
837  881  
831  884  
825  886  
824  887  
823  888  
825  890  
826  890  
1097  672  
1098  673  
1098  672  
1098  672  
1100  673  
1101  673  
1102  673  
1104  674  
1212  670  
1213  672  
1214  673  
1216  680  
1558  713  
1563  708  
1563  705  
1563  702  
1561  700  
1561  698  
1560  696  
1559  695  

