1528  631  
1537  603  
1543  587  
1551  572  
1559  559  
1568  550  
1585  543  
1597  545  
1610  552  
1623  564  
1635  580  
1654  611  
1666  634  
1676  659  
1683  687  
1687  715  
1688  745  
1681  783  
1669  803  
1652  816  
1628  825  
1600  830  
1564  834  
1546  833  
1529  827  
1512  818  
1495  805  
1473  776  
1463  752  
1455  727  
1450  703  
1445  681  
1442  661  
1439  637  
1439  626  
1439  619  
1439  615  
1439  615  
1440  619  
1441  629  
1442  646  
1442  668  
1443  695  
1444  748  
1445  787  
1444  823  
1441  855  
1437  888  
1430  925  
1414  984  
1398  1016  
1380  1041  
1359  1061  
1334  1078  
1287  1096  
1252  1103  
1217  1107  
1184  1107  
1149  1103  
1111  1096  
1056  1080  
1029  1066  
1009  1050  
997  1032  
988  1004  
976  929  
967  879  
961  846  
960  819  
965  788  
981  735  
997  702  
1018  673  
1041  647  
1566  405  
1563  398  
1562  397  
1561  396  
1559  396  
1556  396  
1552  401  
1550  405  
1550  409  
1554  412  
1559  413  
1564  413  
1571  409  
1572  407  
1572  404  
1569  403  
1565  402  
1558  404  
1555  405  
1554  406  
1554  407  
1557  407  
1559  405  
1560  403  
1558  401  
1467  849  
1469  852  
1469  850  
1469  849  
1470  845  

