1631  407  
1639  407  
1647  410  
1654  415  
1661  423  
1669  439  
1673  453  
1676  467  
1679  483  
1682  500  
1688  526  
1692  544  
1696  563  
1702  582  
1706  602  
1715  632  
1721  652  
1726  673  
1732  694  
1738  715  
1741  736  
1742  765  
1741  781  
1735  795  
1725  806  
1710  815  
1677  823  
1648  827  
1612  832  
1575  838  
1540  845  
1478  854  
1427  855  
1381  851  
1341  845  
1295  840  
1244  839  
1182  841  
1142  841  
1096  837  
1052  830  
1016  821  
970  804  
940  793  
913  780  
889  765  
870  749  
849  722  
838  703  
831  683  
827  662  
827  641  
831  620  
844  587  
855  567  
869  547  
884  528  
902  512  
931  490  
953  479  
976  469  
1001  462  
1026  458  
1064  455  
1091  454  
1116  455  
1142  456  
1156  457  
1704  308  
1702  308  
1702  307  
1701  306  
1700  306  
1697  307  
1693  309  
1690  312  
1690  314  
1690  316  
1692  318  
1697  319  
1701  318  
1704  316  
1706  312  
1706  308  
1704  304  
1701  302  
1615  312  
1616  312  
1620  310  
1621  309  
1621  309  
1617  308  
1614  310  
1611  313  
1609  317  
1608  320  
1609  322  
1611  324  
1613  324  

