1637  507  
1646  514  
1660  519  
1678  521  
1703  522  
1714  522  
1718  522  
1716  522  
1707  522  
1689  525  
1654  533  
1630  542  
1608  554  
1593  565  
1585  574  
1589  585  
1599  590  
1612  592  
1624  593  
1631  591  
1631  587  
1621  585  
1601  584  
1575  585  
1550  590  
1525  599  
1491  615  
1468  628  
1446  644  
1425  662  
1405  680  
1373  711  
1349  732  
1323  754  
1293  776  
1255  795  
1188  821  
1139  836  
1081  842  
1028  840  
1471  625  
1475  622  
1475  622  
1475  622  
1474  621  
1466  622  
1457  623  
1446  626  
1433  631  
1419  637  
1378  657  
1361  667  
1344  677  
1327  690  
1312  705  
1291  729  
1278  747  
1264  766  
1248  784  
1230  801  
1200  824  
1178  837  
1151  850  
1117  861  
1078  869  
1042  872  
997  872  
957  869  
904  869  
855  872  
817  875  
797  876  
1405  550  
1401  541  
1400  540  
1400  540  
1400  540  
1399  541  
1398  545  

