1878  835  
1877  835  
1872  835  
1854  838  
1830  841  
1799  843  
1765  844  
1732  844  
1678  841  
1630  841  
1580  846  
1538  854  
1495  860  
1446  863  
1383  859  
1352  854  
1322  848  
1289  845  
1260  842  
1228  839  
1216  836  
1209  832  
1204  827  
1201  820  
1200  806  
1201  795  
1203  780  
1206  764  
1208  746  
1210  730  
1212  708  
1212  697  
1214  689  
1215  685  
1217  683  
1223  684  
1231  689  
1241  697  
1252  708  
1262  721  
1273  742  
1276  757  
1276  772  
1273  784  
1265  793  
1252  800  
1229  805  
1216  805  
1204  804  
1192  800  
1182  794  
1167  780  
1158  769  
1150  758  
1145  748  
1143  741  
1142  737  
1143  737  
1146  739  
1150  746  
1156  758  
1163  773  
1174  799  
1180  815  
1184  831  
1184  847  
1184  864  
1180  894  
1174  919  
1165  943  
1149  962  
1128  975  
1081  990  
1049  996  
1024  1001  
1001  1001  
977  997  
943  982  
889  944  
863  915  
848  891  
840  873  
835  857  
833  832  
834  815  
839  795  
846  773  
857  752  
880  724  
899  706  
907  696  
1229  580  
1230  582  
1228  583  
1228  585  
1227  587  
1227  589  
1227  590  
1229  591  
1231  591  
1232  590  
1233  588  
1234  585  
1234  583  

