1530  1038  
1530  1038  
1533  1041  
1533  1041  
1810  848  
1804  849  
1781  851  
1761  852  
1740  853  
1717  853  
1688  851  
1648  850  
1579  856  
1545  863  
1515  869  
1485  870  
1452  869  
1415  862  
1399  854  
1388  846  
1381  837  
1376  826  
1372  807  
1371  791  
1369  772  
1367  751  
1365  731  
1364  711  
1363  684  
1363  670  
1364  657  
1364  645  
1365  636  
1367  629  
1367  627  
1368  627  
1368  630  
1368  637  
1366  656  
1364  670  
1363  687  
1362  707  
1361  730  
1359  753  
1357  789  
1356  808  
1355  823  
1353  836  
1351  846  
1344  859  
1336  865  
1321  870  
1294  875  
1257  880  
1201  893  
1173  902  
1139  908  
1090  911  
1043  911  
1010  907  
951  901  
899  901  
859  903  
837  907  
826  911  
817  916  
817  919  
1073  1078  
1074  1074  
1076  1076  
1068  1079  
1060  1082  
1055  1085  
1053  1088  
1053  1089  
1057  1089  
1061  1089  
1064  1087  
1064  1086  
1065  1085  

