1718  781  
1704  783  
1685  783  
1627  786  
1589  790  
1523  798  
1469  802  
1409  802  
1357  801  
1309  798  
1261  797  
1196  796  
1159  794  
1122  789  
1090  780  
1066  767  
1046  745  
1039  727  
1038  708  
1041  689  
1049  672  
1070  647  
1089  633  
1108  623  
1127  616  
1147  612  
1165  612  
1189  618  
1201  626  
1208  635  
1210  646  
1207  661  
1192  686  
1174  706  
1150  730  
1120  757  
1082  785  
1026  822  
997  843  
970  864  
935  902  
898  962  
874  1015  
866  1059  
872  1084  
885  1111  
905  1139  
931  1166  
981  1200  
1022  1217  
1072  1230  
1127  1238  
1183  1241  
1264  1238  
1316  1233  
1368  1225  
1419  1212  
1467  1193  
1509  1171  
1190  478  
1188  475  
1187  474  
1185  473  
1183  472  
1180  472  
1175  475  
1172  478  
1171  481  
1171  483  
1172  485  
1175  485  
1177  484  
1180  482  
1182  480  
1182  478  
1180  477  
1175  476  
1171  477  
1170  478  
1169  479  
1170  479  
1174  480  

