1591  682  
1585  682  
1575  682  
1563  682  
1541  677  
1525  673  
1508  667  
1492  660  
1477  651  
1455  636  
1442  625  
1430  613  
1420  600  
1410  587  
1395  568  
1386  555  
1378  543  
1372  532  
1367  523  
1362  515  
1358  508  
1356  505  
1356  504  
1356  503  
1356  504  
1360  510  
1363  517  
1367  526  
1372  537  
1377  550  
1386  570  
1392  583  
1398  598  
1405  613  
1411  629  
1419  645  
1429  669  
1435  686  
1441  704  
1445  723  
1447  743  
1447  775  
1444  796  
1438  815  
1430  832  
1420  849  
1402  875  
1389  895  
1377  920  
1364  953  
1345  987  
1317  1014  
1266  1040  
1232  1052  
1200  1064  
1168  1077  
1129  1090  
1061  1110  
1020  1122  
983  1132  
947  1138  
914  1142  
869  1147  
842  1149  
813  1150  
779  1147  
760  1142  
1351  404  
1351  400  

