1000  1087  
974  1083  
965  1075  
962  1065  
967  1050  
978  1028  
1001  973  
1018  925  
1039  884  
1066  851  
1098  819  
1142  767  
1166  734  
1187  706  
1206  686  
1220  672  
1230  664  
1235  661  
1234  662  
1226  667  
1210  676  
1187  689  
1139  715  
1098  736  
1053  758  
1007  779  
964  795  
898  818  
857  835  
823  854  
795  873  
773  890  
760  907  
760  933  
772  946  
791  953  
812  955  
832  950  
882  932  
933  915  
976  901  
1003  888  
1027  877  
1571  861  
1567  866  
1555  875  
1533  883  
1487  893  
1443  895  
1401  892  
1370  883  
1343  871  
1299  852  
1274  841  
1259  828  
1251  811  
1249  788  
1250  741  
1254  704  
1260  667  
1267  632  
1276  599  
1285  567  
1301  525  
1310  502  

