1653  849  
1627  847  
1605  845  
1588  843  
1576  840  
1566  833  
1562  827  
1560  819  
1560  809  
1560  797  
1563  779  
1564  767  
1566  756  
1567  747  
1569  741  
1569  737  
1569  737  
1569  738  
1570  743  
1570  754  
1570  769  
1566  793  
1563  808  
1558  822  
1554  834  
1549  844  
1541  856  
1536  862  
1529  865  
1523  865  
1518  862  
1513  852  
1511  843  
1510  832  
1510  818  
1510  803  
1511  786  
1512  758  
1513  743  
1513  732  
1513  725  
1514  721  
1514  720  
1515  724  
1516  733  
1516  747  
1513  766  
1506  794  
1501  810  
1496  823  
1490  834  
1483  842  
1476  847  
1466  850  
1460  848  
1455  843  
1450  835  
1447  824  
1447  803  
1451  786  
1455  769  
1459  752  
1461  739  
1463  730  
1463  722  
1463  721  
1463  721  
1462  726  
1460  735  
1455  756  
1450  772  
1444  788  
1435  802  
1424  815  
1402  831  
1385  838  
1367  843  
1346  845  
1316  846  
1275  849  
1207  860  
1168  869  
1124  876  
1074  877  
1035  874  
992  865  
966  860  
940  857  
917  854  
904  853  
1477  616  
1474  618  
1470  622  
1465  626  
1461  629  
1460  632  
1462  635  
1470  636  
1478  636  
1484  633  
1488  630  
1488  627  
1485  621  
1481  619  
1478  618  
1476  619  
1472  622  
1473  624  
1595  625  
1589  622  
1585  624  
1579  625  
1571  628  
1567  630  
1566  633  
1567  637  
1571  641  
1581  644  
1588  644  
1596  642  
1603  639  
1607  635  
1608  627  
1605  622  
1600  620  
1595  620  
1591  623  
1587  625  
1528  537  
1528  534  
1525  535  
1520  538  
1516  542  
1514  548  
1515  554  
1523  560  
1530  562  
1538  562  
1543  559  
1547  555  
1547  548  
1543  545  
1537  545  
1532  544  
1802  805  
1811  806  

