1025  1103  
992  1096  
964  1087  
925  1072  
904  1060  
886  1045  
872  1026  
862  994  
860  922  
870  881  
887  855  
908  836  
931  818  
956  800  
996  767  
1842  461  
1842  459  
1844  460  
1845  464  
1846  471  
1846  488  
1845  504  
1845  522  
1847  543  
1850  567  
1857  607  
1862  635  
1868  665  
1875  698  
1880  734  
1886  771  
1891  818  
1891  843  
1889  867  
1885  892  
1880  920  
1868  958  
1854  977  
1832  992  
1803  1003  
1771  1012  
1727  1025  
1695  1033  
1652  1039  
1603  1040  
1563  1036  
1532  1032  
1489  1028  
1462  1028  
1436  1029  
1844  836  
1854  842  
1855  844  
1848  847  

