1405  828  
1404  826  
1402  824  
1397  824  
1393  825  
1390  827  
1389  829  
1389  831  
1390  832  
1390  832  
1391  833  
1394  834  
1397  836  
1128  423  
1130  422  
1135  422  
1144  420  
1157  418  
1175  415  
1208  411  
1234  409  
1262  406  
1292  402  
1323  397  
1353  391  
1394  380  
1418  372  
1440  362  
1458  350  
1470  335  
1477  310  
1473  291  
1463  272  
1447  254  
1427  237  
1390  216  
1361  206  
1332  200  
1305  198  
1281  201  
1261  208  
1241  225  
1237  241  
1239  259  
1245  281  
1254  307  
1269  353  
1279  388  
1291  424  
1303  462  
1314  504  
1332  572  
1346  620  
1361  669  
1376  723  
1392  782  
1407  835  
1428  910  
1443  962  
1460  1006  
1474  1039  
1486  1064  
1499  1090  
1505  1102  
1508  1109  
1508  1114  
1507  1115  
1506  1112  
1503  1104  
1284  480  
1277  480  
1279  480  
1291  482  
1321  484  
1349  484  
1382  484  
1417  481  
1456  476  
1513  465  
1547  455  
1574  445  
1592  433  
1602  420  
1607  406  
1602  382  
1590  366  
1569  351  
1542  338  
1510  329  
1461  321  
1431  321  
1402  328  
1377  340  
1356  356  
1334  385  
1326  409  
1321  437  
1319  468  
1318  502  
1318  540  
1323  601  
1329  646  
1336  695  
1345  751  
1355  807  
1370  887  
1377  955  
1383  1018  
1389  1066  
1397  1109  
1407  1165  
1411  1192  
1412  1211  
1412  1224  
1407  1233  
1400  1238  
1389  1235  
1553  867  
1547  868  
1541  870  
1534  870  
1527  871  
1512  872  
1499  874  
1479  875  
1453  876  
1427  875  
1393  871  
1376  866  
1360  859  
1346  852  
1330  844  
1315  837  
1296  826  
1288  819  
1282  809  
1278  798  
1274  785  
1269  762  
1266  745  
1264  728  
1262  710  
1259  692  
1255  665  
1252  647  
1250  629  
1248  614  
1247  597  
1245  580  
1244  556  
1243  541  
1242  527  
1241  515  
1240  503  
1238  487  
1237  478  
1235  471  
1234  464  
1232  459  
1229  451  
1227  447  
1226  444  
1224  442  
1223  442  
1222  443  
1219  443  
1000  583  
1000  584  
1007  592  
1013  602  
1017  615  
1020  630  
1022  658  
1023  680  
1025  705  
1028  735  
1029  768  
1030  812  
1028  835  
1025  855  
1021  873  
1014  892  
998  924  

