1824  872  
1811  872  
1793  872  
1772  872  
1739  872  
1717  869  
1691  866  
1657  865  
1617  866  
1564  873  
1540  879  
1519  883  
1499  884  
1478  883  
1459  880  
1439  872  
1432  865  
1428  856  
1427  846  
1427  835  
1431  815  
1435  798  
1439  779  
1443  757  
1447  735  
1454  704  
1458  685  
1461  670  
1463  656  
1465  644  
1468  635  
1471  627  
1473  625  
1475  625  
1478  627  
1481  633  
1489  649  
1495  663  
1501  678  
1508  695  
1516  713  
1528  741  
1535  759  
1540  775  
1544  789  
1545  799  
1544  808  
1535  819  
1524  825  
1509  832  
1488  837  
1459  842  
1410  844  
1380  844  
1351  842  
1318  840  
1276  838  
1213  843  
1179  847  
1143  852  
1101  853  
1062  852  
1033  849  
1005  845  
992  843  
982  840  
977  837  
1478  527  
1478  527  
1477  526  
1476  524  
1474  524  
1472  523  
1469  524  
1468  527  
1468  529  
1470  531  
1474  532  

