1438  965  
1088  473  
1083  467  
1084  465  
1084  462  
1084  459  
1085  453  
1087  444  
1091  427  
1095  414  
1100  399  
1106  383  
1111  366  
1116  351  
1124  327  
1128  314  
1131  301  
1134  291  
1137  283  
1142  275  
1144  274  
1146  274  
1149  277  
1154  282  
1164  292  
1175  299  
1189  307  
1206  316  
1226  324  
1248  331  
1287  339  
1315  341  
1344  342  
1371  341  
1397  339  
1429  334  
1444  331  
1456  327  
1463  325  
1467  324  
1467  323  
1465  323  
1459  325  
1449  329  
1434  338  
1415  350  
1381  375  
1355  395  
1326  420  
1295  450  
1265  485  
1220  550  
1194  599  
1172  651  
1156  709  
1147  771  
1145  849  
1152  896  

