1653  893  
1574  897  
1539  902  
1510  903  
1477  901  
1442  895  
1413  886  
1384  868  
1372  855  
1363  840  
1355  825  
1348  808  
1340  776  
1336  751  
1333  725  
1331  699  
1331  675  
1330  640  
1331  619  
1331  600  
1332  583  
1332  569  
1331  558  
1330  547  
1330  544  
1330  544  
1330  547  
1331  555  
1334  575  
1335  593  
1336  615  
1337  640  
1337  667  
1338  715  
1339  753  
1342  790  
1348  822  
1354  852  
1360  886  
1363  954  
1361  998  
1355  1031  
1348  1057  
1340  1079  
1324  1111  
1310  1132  
1294  1149  
1275  1162  
1253  1172  
1229  1178  
1191  1179  
1165  1174  
1138  1166  
1113  1154  
1089  1139  
1061  1110  

