1238  560  
1236  560  
1716  869  
1718  868  
1705  862  
1685  857  
1655  853  
1617  852  
1562  856  
1528  861  
1485  865  
1432  865  
1385  863  
1329  855  
1286  853  
1243  856  
1212  861  
1194  866  
1183  869  
1175  873  
1172  870  
1008  789  
997  751  
997  725  
1002  705  
1010  687  
1023  673  
1052  655  
1079  647  
1110  641  
1141  640  
1173  643  
1204  650  
1242  667  
1260  682  
1272  700  
1277  719  
1275  739  
1260  771  
1241  792  
1217  812  
1190  834  
1163  859  
1123  904  
1098  937  
1077  972  
1065  1004  
1061  1032  
1064  1058  
1084  1096  
1107  1120  
1136  1143  
1169  1161  
1206  1173  
1266  1182  
1308  1183  
1350  1182  
1393  1177  
1436  1170  

