1288  801  
1294  793  
1297  788  
1297  785  
1295  785  
1288  789  
1275  797  
1258  807  
1236  818  
1210  832  
1168  856  
1133  872  
1090  885  
1048  893  
1016  897  
961  900  
905  905  
854  912  
819  917  
784  922  
735  919  
1683  791  
1678  793  
1667  794  
1652  796  
1631  799  
1604  803  
1556  812  
1518  819  
1469  825  
1414  829  
1367  829  
1295  830  
1240  836  
1192  846  
1148  857  
1098  865  
1052  867  
1006  865  
983  861  
960  858  
935  856  
916  854  
895  853  
886  853  
880  853  
877  853  
875  853  
873  852  
873  852  
873  852  
873  852  
873  852  
873  852  
873  852  
873  851  
874  849  
874  846  
878  838  
881  832  
885  824  
889  816  
893  806  
900  785  
906  767  
910  747  
916  730  
922  714  
929  700  
943  683  
954  674  
966  669  
980  666  
994  665  
1014  669  
1025  675  
1036  685  
1045  697  
1054  714  
1061  744  
1061  767  
1054  790  
1041  810  
1024  827  
1006  839  
974  849  
942  854  
904  860  
870  865  
849  867  
832  863  
826  856  
822  847  
822  836  
828  824  
839  810  
861  792  
876  784  
890  780  
903  778  
913  780  
923  786  
927  792  
927  800  
922  809  
912  818  
884  831  
860  840  
837  850  
810  858  
780  866  
743  866  
1615  878  
1587  885  
1563  899  
1539  919  
1511  938  
1444  962  
1395  981  
1349  1003  
1291  1022  
1230  1029  
1182  1031  
1111  1034  
1064  1036  
1029  1036  
1005  1035  
988  1030  
972  1013  
965  988  
961  951  
961  909  

