1901  899  
1899  899  
1895  900  
1886  903  
1866  908  
1842  911  
1806  913  
1768  913  
1735  908  
1703  902  
1630  895  
1581  895  
1549  897  
1526  897  
1506  894  
1477  884  
1459  876  
1445  866  
1436  854  
1431  842  
1428  821  
1428  803  
1430  783  
1431  759  
1434  735  
1437  713  
1443  682  
1447  666  
1451  652  
1455  640  
1461  632  
1469  626  
1475  626  
1481  629  
1488  636  
1496  647  
1510  668  
1521  684  
1531  702  
1540  721  
1548  741  
1556  761  
1561  789  
1561  804  
1556  818  
1548  831  
1534  843  
1501  863  
1465  875  
1421  883  
1382  887  
1342  888  
1246  902  
1187  918  
1135  928  
1074  931  
1022  929  
973  922  
876  910  
833  904  
804  898  
774  891  
743  880  
706  860  
693  845  
686  829  
684  811  
687  790  
702  752  
718  727  
739  703  
762  683  
787  666  
816  649  
867  628  
905  619  
942  611  
1478  511  
1479  514  
1475  513  
1472  515  
1472  517  
1472  518  
1472  518  
1473  518  

