1295  604  
1302  607  
1310  609  
1316  611  
1319  612  
1318  616  
1312  620  
1300  625  
1282  632  
1260  638  
1247  639  
2078  459  
2097  458  
2104  459  
2106  461  
2104  463  
2091  468  
2077  472  
2059  475  
2039  477  
2017  479  
1993  479  
1959  479  
1940  476  
1922  474  
1909  471  
1899  468  
1893  466  
1893  466  
1893  466  
1894  468  
1897  472  
1904  483  
1910  494  
1917  508  
1925  522  
1933  539  
1942  559  
1957  591  
1968  615  
1978  640  
1988  666  
1997  693  
2009  736  
2016  764  
2023  789  
2029  811  
2033  829  
2035  850  
2030  862  
2018  873  
1995  883  
1965  894  
1935  903  
1899  915  
1877  919  
1853  919  
1820  916  
1781  910  
1735  896  
1720  888  
1936  902  

