1507  561  
1487  571  
1470  582  
1455  596  
1440  618  
1436  635  
1436  652  
1442  670  
1452  690  
1476  724  
1496  747  
1516  773  
1535  797  
1551  818  
1563  835  
1573  861  
1577  883  
1578  915  
1578  954  
1574  989  
1564  1024  
1554  1036  
1540  1046  
1519  1053  
1489  1059  
1428  1066  
1386  1070  
1343  1072  
1295  1072  
1241  1068  
1190  1059  
1110  1043  
1056  1035  
1013  1028  
976  1020  
929  1003  
863  954  
840  920  
827  892  
819  871  
815  850  
815  815  
819  785  
827  752  
840  717  
857  685  
879  655  
921  611  
953  583  
988  557  
1025  534  
1064  515  
1133  495  
1184  487  
1530  550  

