1732  449  
1732  449  
1732  449  
1732  449  
1732  450  
1732  452  
1733  453  
1734  456  
1735  459  
1736  465  
1737  470  
1737  475  
1738  481  
1739  488  
1739  500  
1739  509  
1740  519  
1740  529  
1741  541  
1743  553  
1745  572  
1747  584  
1748  598  
1748  612  
1748  625  
1748  644  
1748  658  
1747  670  
1747  682  
1745  695  
1743  715  
1740  727  
1735  738  
1728  749  
1718  759  
1705  767  
1682  775  
1662  779  
1638  781  
1609  784  
1578  787  
1528  791  
1489  792  
1443  793  
1397  791  
1356  790  
1297  788  
1256  788  
1216  791  
1178  796  
1135  801  
1088  804  
1025  806  
992  806  
962  806  
935  807  
911  808  
884  809  
871  810  
863  810  
859  810  
858  811  
857  810  
859  809  
1448  933  
1440  937  
1435  941  
1432  945  
1431  949  
1433  952  
1441  953  
1447  953  
1453  950  
1457  947  
1459  944  
1459  939  
1456  937  
1451  936  
1444  938  
1438  942  
1433  949  
1433  953  
1437  957  
1441  958  
1446  958  
1449  958  
1450  954  
1450  952  
1449  951  
1447  950  
1446  950  
1445  950  
1446  949  
1448  949  
1450  949  
1448  950  
1448  951  
1867  950  
1866  950  
1866  950  
1863  951  
1859  953  
1851  955  
1839  957  
1824  958  
1795  961  
1776  962  

