1187  1035  
1189  1018  
1193  984  
1196  952  
1201  915  
1208  880  
1219  855  
1240  824  
1253  805  
1265  785  
1276  765  
1286  747  
1301  730  
1312  724  
1323  722  
1335  726  
1347  735  
1361  750  
1383  781  
1400  805  
1420  829  
1443  852  
1468  874  
1500  912  
1514  942  
1526  971  
1535  998  
1541  1018  
1544  1039  
1539  1049  
1527  1057  
1506  1064  
1474  1069  
1432  1074  
1370  1082  
1328  1086  
1280  1090  
1231  1093  
1186  1094  
1118  1097  
1074  1100  
1037  1104  
1011  1109  
993  1113  
977  1117  
973  1117  
974  1116  
1309  424  
1309  421  
1309  419  
1309  420  
1310  422  
1310  427  
1311  433  
1313  446  
1315  456  
1316  467  
1317  477  
1317  489  
1317  501  
1317  519  
1317  531  
1315  543  
1314  554  
1314  565  
1313  578  
1311  587  
1310  597  
1309  606  
1309  615  

