1001  870  
957  861  
921  858  
889  857  
865  858  
846  859  
834  861  
1627  866  
1610  865  
1587  868  
1567  871  
1544  877  
1518  882  
1461  887  
1414  886  
1374  880  
1337  871  
1289  864  
1218  863  
1185  863  
1155  861  
1123  854  
1091  844  
1056  824  
1042  809  
1033  792  
1026  771  
1024  749  
1026  727  
1038  696  
1050  680  
1064  666  
1081  654  
1100  645  
1131  638  
1152  637  
1171  641  
1186  647  
1195  656  
1200  671  
1198  685  
1190  702  
1177  721  
1158  741  
1133  765  
1081  802  
1044  823  
1014  842  
989  860  
959  888  
900  969  
871  1017  
857  1046  
852  1071  
850  1099  
857  1146  
867  1178  
884  1209  
907  1236  
934  1261  
966  1282  
1023  1308  
1070  1321  
1122  1328  
1172  1330  
1217  1330  
1285  1323  
1332  1314  
1380  1305  
1428  1294  
1473  1283  

