793  656  
824  615  
883  567  
931  541  
989  523  
1054  510  
1664  752  
1670  746  
1673  742  
1676  739  
1676  739  
1677  739  
1677  742  
1674  746  
1669  754  
1660  763  
1648  774  
1627  792  
1610  802  
1593  813  
1578  821  
1567  827  
1555  832  
1549  833  
1545  832  
1543  828  
1543  822  
1550  808  
1558  797  
1567  784  
1575  771  
1584  756  
1593  744  
1604  731  
1608  726  
1610  725  
1611  724  
1611  727  
1604  734  
1594  741  
1582  751  
1566  762  
1548  774  
1517  791  
1494  801  
1469  809  
1443  815  
1422  818  
1404  818  
1387  814  
1381  809  
1379  801  
1379  790  
1385  778  
1398  756  
1410  741  
1422  728  
1432  715  
1440  705  
1447  694  
1448  692  
1449  692  
1449  695  
1446  701  
1441  713  
1429  736  
1419  756  
1407  778  
1393  801  
1380  821  
1358  847  
1339  863  
1308  883  
1256  917  
1206  953  
1149  985  
1097  999  
1045  1012  
1004  1022  
963  1029  
916  1027  
858  1008  
837  982  
824  950  
818  916  
818  884  
833  844  
851  817  
876  787  
908  754  
946  723  
1019  686  
1916  803  
1922  807  
1923  806  
1921  805  
1919  807  
1912  811  
1904  814  
1894  816  
1880  819  
1864  821  
1833  824  

