1498  410  
1497  410  
1497  411  
1496  413  
1495  418  
1496  420  
1377  506  
1378  506  
1378  506  
1377  505  
1377  505  
1378  505  
1379  507  
1380  509  
1383  513  
1385  518  
1389  528  
1392  536  
1396  546  
1399  557  
1402  569  
1405  583  
1409  606  
1410  623  
1411  642  
1411  663  
1409  685  
1404  724  
1397  754  
1389  785  
1381  812  
1373  836  
1362  870  
1354  899  
1339  940  
1311  983  
1274  1014  
1239  1034  
1194  1054  
1163  1068  
1127  1083  
1082  1097  
1036  1111  
970  1128  
926  1135  
882  1139  
833  1138  
1361  446  
1359  445  
1359  446  
1359  448  
1360  449  
1364  449  
1367  449  
1370  447  
1371  445  
1371  443  
1371  441  
1370  440  
1368  439  
1368  438  
1367  438  
1367  438  
1364  440  
2449  0  
2425  0  
2385  0  
2319  0  
2260  0  
2210  0  
2182  0  
2165  0  
2160  0  
2160  0  
2455  0  
2411  0  
2342  0  
2271  0  
2210  0  
2181  0  
2170  0  
2167  0  
2178  0  
2222  0  
2289  0  
2352  0  
2398  0  
2424  0  
2433  0  
2434  0  
2414  0  
2365  0  
2282  0  
2196  0  
2113  0  
2053  0  
2027  0  
2021  0  
2028  0  
2082  0  
2175  0  
2272  0  
2363  0  
2444  0  
2476  0  
2486  0  
2488  0  
2464  0  
2390  0  
2289  0  
2193  0  
2092  1  
2035  2  
2023  2  
2023  2  
2064  0  
2152  0  
2253  0  
2302  0  
2076  0  
2045  1  
2039  1  
2054  1  
2106  0  
2208  0  
2288  0  
2014  0  
1998  0  
1950  0  
1935  0  
1935  0  
1970  0  

