1398  550  
1398  556  
1399  562  
1400  570  
1403  580  
1407  596  
1409  609  
1411  621  
1413  635  
1413  650  
1414  675  
1414  693  
1413  714  
1410  736  
1406  758  
1396  793  
1388  814  
1379  831  
1369  847  
1359  861  
1347  874  
1316  901  
1282  929  
1242  955  
1209  974  
1186  988  
1146  1004  
1110  1014  
1072  1024  
1040  1033  
1012  1041  
974  1048  
961  1049  
1396  439  
1397  441  
1396  439  
1396  439  
1394  439  
1393  440  
1392  441  
1392  441  
1392  442  
1392  442  
1393  442  
1393  442  
1393  442  
1393  441  
1392  439  
1391  439  
1389  439  
1387  441  
1386  445  
1386  446  
1386  447  
1387  447  
1388  447  
1389  447  
1390  447  
1390  447  
1390  447  
1390  447  
1390  446  
1389  446  
1389  445  
1389  445  
1389  445  
1390  447  
1393  449  
1396  449  
1399  449  
1400  449  
1400  448  
1399  447  
1398  446  
1396  445  
1395  445  
1394  444  
1394  444  
1393  446  

