1120  687  
1136  677  
1161  662  
1177  656  
1192  654  
1207  654  
1220  659  
1240  671  
1254  683  
1271  697  
1290  711  
1312  724  
1336  734  
1376  747  
1404  754  
1434  758  
1463  759  
1490  757  
1521  750  
1536  744  
1547  738  
1554  733  
1559  729  
1561  726  
1561  726  
1561  726  
1558  729  
1554  733  
1550  739  
1541  751  
1532  762  
1520  775  
1505  788  
1487  800  
1450  814  
1423  821  
1398  825  
1374  828  
1351  829  
1309  831  
1272  834  
1232  841  
1196  851  
1161  862  
1119  871  
1055  876  
1022  874  
994  870  
964  865  
928  862  
881  860  
861  859  
847  858  
837  856  
829  853  
820  847  
816  843  
812  839  
810  835  
807  831  
806  828  
803  824  
802  823  
801  822  
801  821  
800  821  
800  821  
800  821  
799  821  
799  823  
799  823  
798  824  
798  825  
798  825  
798  825  
798  825  
797  825  
797  824  
797  824  
796  824  
798  825  
795  824  
1283  968  
1278  967  
1269  970  
1266  973  
1265  976  
1266  978  
1270  980  
1277  979  

