1331  717  
1340  694  
1349  682  
1359  672  
1368  664  
1376  657  
1385  651  
1401  642  
1413  637  
1423  635  
1435  633  
1447  632  
1466  631  
1476  630  
1486  629  
1497  627  
1513  625  
1652  565  
1559  572  
1560  569  
1564  577  
1571  597  
1579  628  
1591  699  
1595  765  
1587  831  
1568  903  
1551  986  
1528  1054  
1504  1078  
1471  1095  
1431  1104  
1390  1103  
1349  1094  
1283  1076  
1237  1060  
1197  1038  
1168  1008  
1148  970  
1134  904  
1137  865  
1146  829  
1162  792  
1182  749  
1202  708  
1227  666  
1240  648  
1253  633  
1257  624  
1381  492  
2092  611  
2090  612  
2079  611  
2068  615  
2054  620  

