1314  506  
1309  504  
1305  504  
1302  506  
1301  508  
1300  509  
1303  512  
1306  512  
1309  512  
1309  512  
1309  512  
1309  510  
1309  508  
1309  505  
1309  505  
1910  706  
1911  693  
1911  685  
1910  678  
1908  674  
1906  672  
1905  671  
1904  671  
1903  673  
1901  678  
1901  686  
1901  697  
1900  710  
1902  723  
1904  747  
1906  764  
1909  780  
1910  794  
1910  806  
1906  820  
1898  829  
1886  836  
1868  843  
1844  849  
1790  854  
1753  855  
1722  853  
1691  849  
1656  847  
1618  848  
1571  853  
1553  857  
1540  860  
1533  862  
1529  862  
1529  861  
1780  622  
1780  620  
1780  620  
1779  620  
1776  619  
1771  621  
1769  623  
1767  625  
1768  627  
1770  628  
1774  629  
1779  629  
1780  627  
1780  625  
1779  622  
1777  620  
1774  619  
1773  619  
1773  619  
1775  619  
1776  619  
1778  620  
1778  619  
1818  859  
1822  859  

