1262  1093  
1224  1072  
1196  1048  
1170  1004  
1166  972  
1170  933  
1333  866  
1578  913  
1578  917  
1576  930  
1578  973  
1583  1002  
1590  1025  
1600  1043  
1610  1058  
1621  1083  
1626  1100  
1626  1118  
1624  1136  
1616  1152  
1601  1166  
1560  1183  
1519  1192  
1465  1199  
1406  1203  
1353  1206  
1293  1208  
1263  1206  
1241  1202  
1222  1190  
1393  995  
1395  998  
1399  1005  
1402  1011  
1649  829  
1647  826  
1647  825  
1647  825  
1647  825  
1650  828  

