1751  874  
1745  876  
1730  877  
1716  876  
1696  873  
1668  872  
1629  871  
1570  877  
1542  883  
1518  887  
1493  888  
1469  886  
1445  882  
1423  872  
1416  865  
1412  856  
1411  847  
1410  838  
1410  823  
1409  812  
1408  801  
1407  791  
1406  781  
1405  769  
1404  762  
1403  758  
1403  757  
1402  757  
1402  760  
1404  772  
1405  783  
1406  796  
1407  810  
1407  823  
1408  841  
1408  853  
1408  863  
1406  872  
1403  879  
1398  886  
1386  893  
1376  895  
1366  895  
1352  895  
1331  891  
1279  889  
1239  892  
1206  897  
1185  904  
1167  910  
1141  916  
1126  917  
1117  918  
1112  918  
1109  915  
1111  908  
1299  695  
1294  696  
1293  701  
1292  706  
1292  710  
1297  715  
1301  717  
1306  717  
1311  716  
1313  713  
1313  709  
1310  702  
1306  699  
1302  697  
1300  697  
1298  699  
1298  703  

