1068  846  
1041  845  
1011  842  
995  841  
982  839  
975  837  
1584  526  
1585  519  
1586  517  
1586  516  
1586  516  
1586  518  
1587  522  
1588  530  
1590  541  
1592  556  
1597  581  
1600  601  
1604  623  
1608  648  
1613  674  
1618  704  
1625  752  
1629  784  
1631  811  
1631  832  
1625  852  
1600  887  
1579  923  
1559  959  
1538  984  
1514  1001  
1458  1017  
1412  1026  
1370  1035  
1326  1042  
1274  1044  
1222  1040  
1159  1025  
1114  1014  
1068  1003  
1032  988  
1007  967  
974  918  
948  884  
924  860  
910  841  
903  822  
901  799  
901  753  
903  720  
906  689  
910  659  
916  630  
929  590  
941  565  
955  541  
971  519  
993  500  
1015  481  
1305  498  
1302  498  
1300  500  
1298  504  
1297  508  
1297  512  
1298  515  
1300  518  
1306  518  
1311  517  
1314  515  
1316  511  
1316  509  

