1011  743  
1018  747  
1037  750  
1054  752  
1073  755  
1090  759  
1104  764  
1117  777  
1119  788  
1115  800  
1104  812  
1088  823  
1068  832  
1037  840  
1016  840  
1416  316  
1413  312  
1412  307  
1412  307  
1412  307  
1413  308  
1413  312  
1414  320  
1415  332  
1416  348  
1418  377  
1420  401  
1421  427  
1422  457  
1422  489  
1423  524  
1424  580  
1424  619  
1424  659  
1422  703  
1420  750  
1415  818  
1410  855  
1403  891  
1393  933  
1379  978  
1351  1030  
1324  1053  
1289  1072  
1251  1087  
1213  1099  
1176  1106  
1110  1110  
1064  1108  

