1835  850  
1813  853  
1787  855  
1746  855  
1721  852  
1695  848  
1664  844  
1632  841  
1592  836  
1574  831  
1560  823  
1550  811  
1541  795  
1530  760  
1525  730  
1521  700  
1519  670  
1517  640  
1515  612  
1511  572  
1509  546  
1507  523  
1507  501  
1508  483  
1511  463  
1513  454  
1515  449  
1516  448  
1519  451  
1523  464  
1525  479  
1527  497  
1530  517  
1534  540  
1537  564  
1540  601  
1541  626  
1541  652  
1541  677  
1539  702  
1536  741  
1533  767  
1529  792  
1524  814  
1517  831  
1506  854  
1495  868  
1479  879  
1456  888  
1429  895  
1401  899  
1359  900  
1321  898  
1265  900  
1212  909  
1860  888  
1849  893  
1828  895  
1788  899  
1758  900  
1730  899  
1699  895  

