1320  1250  
1299  1221  
1284  1195  
1274  1171  
1274  1156  
1670  745  
1673  746  
1673  747  
1673  751  
1675  758  
1681  777  
1687  792  
1695  810  
1704  828  
1713  845  
1726  873  
1733  896  
1740  924  
1746  954  
1752  981  
1759  1004  
1770  1031  
1776  1045  
1781  1058  
1785  1070  
1787  1079  
1788  1089  
1787  1094  
1785  1098  
1780  1100  
1772  1103  
1754  1105  
1738  1107  
1718  1108  
1694  1109  
1668  1110  
1644  1112  
1612  1113  
1594  1116  
1578  1117  
1567  1120  
1565  1122  

