1009  1316  
1774  1071  
1762  1072  
1742  1077  
1726  1082  
1708  1088  
1687  1092  
1665  1095  
1644  1095  
1615  1088  
1599  1078  
1584  1063  
1570  1043  
1556  1014  
1542  946  
1541  899  
1541  866  
1541  843  
1537  824  
1529  801  
1525  793  
1523  790  
1522  794  
1521  804  
1520  819  
1520  849  
1520  874  
1524  908  
1530  955  
1542  1002  
1565  1057  
1577  1091  
1583  1131  
1585  1175  
1582  1214  
1567  1260  
1549  1283  
1521  1300  
1483  1310  
1438  1311  
1394  1304  
1345  1277  

