1049  1090  
1044  1069  
1045  1047  
1051  1025  
1069  988  
1090  963  
1100  949  
1384  273  
1384  270  
1383  268  
1383  268  
1383  268  
1382  272  
1382  276  
1382  284  
1382  293  
1384  304  
1388  325  
1391  342  
1395  362  
1398  383  
1402  407  
1407  444  
1411  471  
1415  499  
1420  529  
1425  560  
1429  591  
1433  640  
1436  673  
1439  709  
1440  747  
1442  785  
1442  833  
1442  860  
1439  885  
1434  911  
1426  939  
1417  964  
1397  995  
1382  1011  
1367  1023  
1352  1032  
1335  1037  
1309  1038  
1292  1036  
1277  1030  
1262  1021  
1248  1007  
1232  973  
1226  943  
1225  909  
1227  881  
1233  860  
1242  843  
1262  822  
1275  805  
1414  529  
1417  531  
1414  531  
1409  531  
1401  529  
1387  524  
1378  517  
1370  509  
1362  498  
1355  486  

