1678  1052  
1648  1058  
1623  1063  
1594  1068  
1565  1072  
1537  1076  
1492  1081  
1463  1081  
1440  1081  
1423  1077  
1411  1072  
1401  1057  
1399  1041  
1399  1021  
1398  993  
1395  959  
1390  922  
1380  877  
1376  859  
1373  847  
1372  841  
1372  839  
1371  841  
1370  849  
1370  865  
1370  891  
1371  932  
1370  1004  
1367  1043  
1367  1075  
1368  1107  
1371  1140  
1373  1173  
1373  1218  
1369  1244  
1361  1267  
1347  1285  
1328  1301  
1287  1320  
1250  1329  
1209  1335  
1166  1338  
1124  1339  
1069  1337  
1043  1333  
1025  1326  
1014  1322  

