1834  1072  
1836  1075  
1830  1077  
1809  1079  
1789  1079  
1766  1079  
1742  1077  
1721  1074  
1699  1067  
1691  1061  
1690  1053  
1693  1043  
1703  1033  
1715  1022  
1734  1006  
1748  1000  
1762  998  
1776  999  
1790  1003  
1813  1014  
1828  1025  
1841  1038  
1853  1052  
1864  1068  
1881  1093  
1891  1109  
1898  1126  
1904  1141  
1908  1155  
1910  1168  
1909  1184  
1903  1192  
1893  1199  
1876  1205  
1853  1210  
1806  1216  
1769  1220  
1729  1222  
1687  1225  
1643  1226  
1573  1227  
1528  1225  
1482  1222  
1437  1217  
1396  1211  
1363  1202  

