1844  1026  
2094  1023  
2092  1027  
1593  753  
1590  755  
1576  754  
1564  751  
1551  745  
1539  737  
1529  726  
1522  713  
1523  692  
1530  681  
1541  674  
1556  670  
1572  670  
1600  680  
1621  690  
1643  702  
1662  716  
1679  732  
1696  757  
1700  772  
1698  785  
1685  796  
1659  804  
1619  811  
1537  823  
1462  826  
1383  821  
1314  810  
1254  798  
1188  776  
1159  754  
1141  728  
1137  701  
1150  674  
1198  637  
1220  627  
1520  584  
1667  706  
1667  711  
1663  716  

