1658  575  
1662  564  
1666  554  
1671  545  
1675  539  
1680  534  
1683  534  
1685  537  
1686  544  
1687  553  
1689  566  
1692  590  
1695  608  
1698  628  
1702  649  
1707  671  
1714  708  
1719  735  
1724  762  
1731  789  
1737  813  
1747  841  
1752  858  
1755  874  
1754  888  
1749  901  
1739  915  
1717  936  
1690  947  
1642  957  
1586  963  
1541  965  
1473  964  
1415  964  
1366  965  
1311  965  
1241  962  
1161  951  
1108  945  
1053  937  
1012  925  
970  910  
917  896  
851  887  
829  883  
812  877  
795  869  
781  860  
768  841  
767  826  
770  807  
778  783  
790  756  
815  715  
838  688  
868  663  
904  638  
925  627  
1676  701  
1678  702  
1680  702  
1681  701  
1682  700  
1684  699  
1687  698  
1689  698  
1689  698  
1690  698  
1690  698  
1689  696  
1685  425  
1684  424  
1683  425  
1682  426  
1682  427  
1682  428  
1682  428  
1684  428  
1685  427  
1686  425  
1686  423  
1684  421  
1683  420  
1681  420  
1680  420  
1680  422  
1680  424  
1681  424  

