1373  1286  
1344  1283  
1324  1278  
1314  1271  
1318  1255  
1591  1148  
1589  1152  
2141  1102  
2140  1100  
2142  1101  
2138  1100  
2133  1097  
2126  1094  
2116  1086  
2114  1080  
2114  1074  
2118  1068  
2126  1063  
2138  1059  
2162  1059  
2179  1063  
2196  1069  
2211  1078  
2221  1088  
2230  1102  
2230  1110  
2223  1118  
2206  1126  
2175  1134  
2108  1144  
2052  1148  
1991  1149  
1932  1147  
1880  1144  
1833  1136  
1780  1115  
1762  1097  
1756  1078  
1764  1059  
1786  1042  

