1841  735  
1762  738  
1690  742  
1588  751  
1519  760  
1445  767  
1378  773  
1326  776  
1265  782  
1231  786  
1204  791  
1183  795  
1165  798  
1144  801  
1133  801  
1126  800  
1121  796  
1116  789  
1110  778  
1097  750  
1086  730  
1073  710  
1059  690  
1043  675  
1021  656  
1010  645  
1000  636  
993  629  
990  624  
991  620  
997  617  
1010  613  
1029  609  
1055  608  
1089  607  
1150  604  
1197  601  
1246  598  
1294  593  
1340  587  
1401  578  
1431  572  
1452  568  
1462  565  
1466  564  
1464  561  
1458  561  
1443  568  
1419  582  
1388  604  
1354  629  
1304  667  
1271  693  
1240  719  
1206  751  
1170  788  
1106  843  
1062  879  
1030  916  
1011  957  
997  999  
980  1041  
974  1059  
974  1075  
983  1091  
1000  1106  
1028  1118  
1092  1133  
1143  1140  
1194  1144  
1248  1146  
1303  1141  
1391  1126  
1459  1112  
1525  1100  
1585  1090  
1644  1079  
1697  1065  
1760  1046  
1794  1037  
1818  1031  

