1653  717  
1641  715  
1629  709  
1613  696  
1606  687  
1604  677  
1606  666  
1612  653  
1626  634  
1638  625  
1653  620  
1668  619  
1682  623  
1696  630  
1716  651  
1728  670  
1739  694  
1750  724  
1762  755  
1780  801  
1789  828  
1792  853  
1787  881  
1775  914  
1748  966  
1728  994  
1700  1016  
1657  1029  
1601  1032  
1550  1024  
1484  1000  
1440  977  
1406  946  
1383  906  
1367  865  
1350  815  
1346  781  
1351  747  
1584  550  
1595  557  
1602  560  
1607  562  
1688  563  
1737  845  
1726  838  
1714  826  
1708  817  

