1347  1002  
1300  1007  
1244  1005  
1182  993  
1149  986  
1108  982  
1066  982  
1033  981  
1008  982  
964  983  
922  980  
881  973  
852  963  
834  953  
813  938  
799  928  
785  918  
775  908  
768  901  
766  896  
777  886  
795  876  
816  866  
839  855  
870  846  
934  841  
973  841  
1003  843  
1032  845  
1064  847  
1120  847  
2077  668  
2078  655  
2078  653  
2079  661  
2073  667  
1679  882  
1642  875  
1615  873  
1597  870  
1585  867  
1578  863  
1574  854  
1577  848  
1584  841  
1598  835  
1619  830  
1652  826  
1671  826  
1687  827  
1700  832  
1711  839  
1717  847  
1719  861  
1717  869  
1710  875  
1697  878  
1675  879  
1620  882  
1578  887  
1546  896  
1515  905  
1472  913  
1401  915  
1367  912  
1338  907  
1303  900  
1271  892  
1252  883  
1247  870  
1261  860  
1285  850  
1313  845  
1338  844  

