1681  425  
1681  425  
1683  426  
1686  425  
1711  721  
1711  724  
1698  727  
1683  728  
1666  729  
1649  728  
1633  724  
1614  714  
1605  703  
1599  691  
1596  678  
1595  664  
1598  648  
1607  625  
1615  610  
1623  595  
1632  582  
1641  570  
1654  558  
1663  552  
1672  548  
1681  548  
1689  551  
1700  563  
1707  574  
1712  590  
1717  608  
1721  629  
1724  653  
1728  693  
1731  722  
1734  754  
1738  785  
1743  812  
1752  846  
1760  866  
1766  885  
1769  904  
1767  922  
1752  947  
1737  961  
1719  975  
1690  990  
1640  1002  
1581  1005  
1506  1001  
1445  1001  
1383  1008  
1323  1016  
1252  1016  
1162  1004  
1100  997  
1041  995  
996  995  
943  989  
861  965  
833  946  
815  927  
801  908  
789  890  
782  872  
779  842  
781  821  
787  797  
796  770  
807  743  
831  705  
854  683  
883  662  
898  650  
1708  436  
1703  432  
1700  432  
1697  434  
1695  437  
1694  440  
1695  442  
1700  444  
1704  443  
1706  442  
1706  440  
1707  439  

