1622  1089  
1927  1274  
1926  1275  
1921  1275  
1913  1279  
1903  1284  
1891  1288  
1876  1292  
1854  1296  
1808  1301  
1772  1306  
1739  1310  
1708  1314  
1678  1315  
1638  1312  
1615  1307  
1594  1300  
1579  1290  
1568  1278  
1561  1265  
1555  1244  
1555  1231  
1559  1219  
1567  1209  
1577  1201  
1597  1194  
1611  1193  
1627  1195  
1645  1200  
1661  1206  
1682  1219  
1691  1227  
1697  1235  
1697  1242  
1692  1249  
1679  1256  
1646  1264  
1614  1270  
1576  1275  
1533  1279  
1485  1283  
1412  1286  

