1325  1185  
1308  1170  
1297  1153  
1293  1135  
1297  1116  
1318  1088  
1337  1071  
1348  1064  
1645  934  
1650  942  
1651  954  
1649  959  
1884  1184  
1865  1182  
1858  1174  
1853  1163  
1852  1150  
1853  1138  
1859  1125  
1872  1110  
1881  1105  
1890  1105  
1898  1112  
1906  1124  
1919  1143  
1928  1156  
1935  1170  
1939  1183  
1940  1195  
1932  1211  
1918  1220  
1894  1227  
1858  1232  
1806  1235  
1747  1235  
1661  1235  
1611  1230  
1570  1222  
1540  1209  
1518  1192  
1504  1160  
1515  1135  
1523  1121  
1859  1031  

