1857  1032  
1853  1037  
1928  1203  
1917  1206  
1904  1206  
1893  1203  
1884  1198  
1877  1192  
1872  1177  
1872  1165  
1877  1152  
1886  1140  
1898  1132  
1919  1124  
1933  1123  
1946  1127  
1960  1134  
1972  1144  
1987  1165  
1994  1179  
1998  1193  
2001  1204  
2002  1213  
2002  1220  
1994  1229  
1982  1233  
1963  1236  
1938  1238  
1906  1239  
1846  1239  
1800  1239  
1755  1239  
1716  1240  
1685  1240  
1652  1241  
1638  1240  
1631  1238  
1630  1236  
1635  1232  
1648  1226  
1655  1221  
1892  1088  
1900  1078  
1898  1077  
1895  1079  
1970  1244  
1959  1249  
1945  1252  
1930  1257  
1912  1263  

