1892  1269  
1868  1274  
1826  1281  
1795  1284  
1765  1287  
1739  1287  
1719  1286  
1694  1279  
1683  1271  
1675  1262  
1669  1251  
1666  1238  
1663  1225  
1660  1202  
1656  1187  
1652  1172  
1649  1160  
1648  1151  
1649  1143  
1652  1140  
1656  1138  
1664  1137  
1674  1138  
1689  1144  
1700  1150  
1710  1157  
1720  1166  
1727  1174  
1731  1182  
1733  1192  
1729  1198  
1721  1203  
1708  1208  
1691  1213  
1653  1220  
1621  1225  
1587  1230  
1550  1235  
1512  1239  
1449  1241  
1411  1242  
1381  1242  
1359  1238  
1346  1233  
1345  1229  
1603  1085  
1616  1082  
1625  1082  
1626  1088  

