1226  772  
1191  779  
1165  784  
1137  789  
1109  794  
1084  798  
1052  801  
1035  804  
1022  806  
1012  808  
1007  810  
1003  811  
1001  812  
1001  813  
1001  816  
1004  814  
1197  805  
1197  803  
1198  803  
1198  801  
1200  798  
1201  793  
1204  787  
1206  779  
1210  759  
1211  743  
1212  727  
1212  713  
1212  699  
1214  688  
1218  676  
1222  672  
1225  670  
1227  669  
1230  670  
1236  677  
1242  683  
1248  690  
1256  699  
1265  709  
1281  722  
1292  731  
1303  740  
1313  749  
1324  759  
1334  768  
1348  781  
1356  787  
1362  791  
1367  795  
1372  798  
1375  800  
1376  801  
1376  802  
1374  803  
1371  804  
1363  805  
1355  806  
1346  806  
1336  808  
1324  809  
1311  810  
1291  810  
1276  811  
1256  814  
1235  817  
1214  821  
1185  828  
1161  832  
1132  836  
1097  840  
1061  844  
1016  848  
991  849  
963  849  
932  851  
904  854  
887  857  
880  858  

