1656  1053  
1657  1055  
1657  1057  
1658  1059  
1660  1062  
1663  1065  
1667  1070  
1675  1076  
1680  1081  
1686  1087  
1692  1093  
1699  1099  
1707  1110  
1710  1118  
1713  1126  
1713  1132  
1713  1137  
1709  1142  
1700  1149  
1690  1153  
1677  1156  
1661  1160  
1643  1163  
1611  1165  
1585  1167  
1557  1170  
1524  1173  
1488  1177  
1427  1183  
1383  1187  
1340  1191  
1297  1194  
1255  1196  
1213  1198  
1147  1197  
1100  1196  
1053  1194  
1013  1190  
982  1182  
953  1165  
944  1151  
942  1137  
944  1121  
949  1107  
961  1091  
973  1082  
987  1074  
1002  1067  
1019  1063  
1038  1061  
1063  1062  
1078  1066  
1090  1071  
1100  1077  
1107  1082  
1119  1088  
1126  1089  
1242  1057  
1242  1051  
1242  1043  
1242  1033  
1244  1020  
1253  994  
1264  976  
1275  963  
1285  956  
1295  955  
1305  961  
1322  974  
1334  984  
1344  993  
1351  1003  
1356  1015  
1365  1031  
1385  1036  
1654  1160  
1654  1160  
1657  1160  
1659  1160  
1663  1160  
1667  1160  
1670  1160  
1671  1161  
1672  1162  
1674  1164  
1676  1167  
1679  1172  
1684  1179  
1687  1184  
1692  1190  
1697  1196  
1702  1202  
1709  1210  
1714  1215  
1717  1220  
1719  1224  
1720  1227  
1720  1231  
1717  1233  
1712  1236  
1703  1239  
1691  1241  
1678  1243  
1655  1244  
1637  1244  
1616  1245  
1591  1246  
1564  1247  

