1186  231  
1206  224  
1225  219  
1242  215  
1259  212  
1265  212  
1267  212  
1268  214  
1266  217  
1258  225  
1246  237  
1229  250  
1210  265  
1192  281  
1173  301  
1168  311  
1167  318  
1171  323  
1175  321  
1296  315  
1299  321  
1302  333  
1307  351  
1313  372  
1321  401  
1337  457  
1352  503  
1366  555  
1377  610  
1385  668  
1391  765  
1391  826  
1390  876  
1387  930  
1384  987  
1380  1029  
1304  57  
1303  55  
1301  54  
1300  54  
1298  53  
1296  53  
1292  53  
1285  53  
1277  56  
1268  59  
1256  68  
1249  73  
1243  79  
1239  85  
1234  94  
1227  112  
1223  123  
1222  133  
1221  142  
1222  151  
1226  164  
1229  171  
1234  177  
1241  181  
1250  185  
1259  186  
1274  184  
1284  180  
1295  175  
1305  168  
1314  161  
1325  153  
1330  150  
1332  149  
1333  148  
1333  148  
1333  148  
1332  149  
1329  150  
1326  153  
1322  156  
1318  160  
1311  166  
1305  171  
1297  177  
1289  185  
1281  193  
1272  205  
1266  214  
1261  224  
1257  233  
1255  242  
1253  252  
1252  256  
1252  258  
1250  258  
1255  250  
2044  1295  
2044  1295  
2044  1295  
2044  1295  
2044  1295  
1444  506  
1440  504  
1443  506  
1444  506  
1446  506  
1454  510  
1463  515  
1473  521  
1484  528  
1495  538  
1506  549  
1519  566  
1525  578  
1527  591  
1526  605  

