1469  672  
1439  681  
1402  692  
1360  703  
1289  721  
1237  738  
1187  760  
1141  785  
1100  803  
1072  813  
1057  814  
1057  806  
1726  1255  
1725  1254  
1353  378  
1351  375  
1353  375  
1352  375  
1352  376  
1351  382  
1351  396  
1353  429  
1357  459  
1362  489  
1365  514  
1366  533  
1368  548  
1368  551  
1460  1326  
1468  1328  
1474  1330  
1476  1330  
1234  847  
1230  852  
1228  851  
1228  847  
1230  840  
1234  827  
1240  808  
1246  782  
1252  751  
1261  707  
1270  684  
1282  665  
1298  651  
1320  642  
1359  644  
1386  654  
1409  668  
1424  686  
1428  706  
1421  724  
1385  742  
1348  746  
1303  747  
1250  744  
1196  742  
1134  733  
1124  728  

