1491  706  
1496  718  
1500  730  
1501  748  
1500  761  
1496  772  
1488  780  
1475  785  
1447  789  
1428  790  
1413  790  
1403  791  
1395  789  
1395  788  
1583  535  
1582  532  
1587  533  
1588  533  
1588  532  
1589  532  
1592  536  
1594  539  
1596  542  
1598  546  
1601  551  
1605  559  
1608  565  
1612  571  
1615  579  
1620  589  
1632  607  
1642  620  
1652  634  
1662  650  
1671  665  
1679  681  
1689  708  
1696  727  
1703  749  
1710  772  
1717  795  
1726  823  
1731  838  
1736  853  
1739  867  
1742  881  
1743  907  
1742  926  
1739  944  
1735  963  
1730  981  
1721  996  
1704  1016  
1685  1026  
1661  1034  
1633  1040  
1602  1043  
1562  1046  
1535  1046  
1503  1047  
1465  1048  
1425  1050  
1376  1053  
1352  1055  
1331  1056  
1313  1057  
1300  1057  
1292  1057  
1289  1057  
1289  1057  
1289  1057  
1289  1057  
1290  1058  
1295  1058  
1297  1059  
1300  1062  
1304  1064  
1525  594  
1526  594  
1527  595  
1527  595  
1527  595  
1527  595  
1527  595  
1527  595  
1527  595  
1528  596  

