1457  651  
1399  655  
1357  658  
1316  658  
1276  657  
1234  654  
1169  644  
1127  636  
1106  630  
1638  767  
1633  762  
1628  757  
1623  744  
1621  732  
1621  719  
1621  703  
1626  688  
1632  676  
1648  661  
1664  653  
1681  651  
1698  654  
1712  663  
1726  684  
1730  703  
1729  724  
1724  743  
1715  757  
1701  767  
1690  766  
1665  744  
1654  729  
1645  714  
1637  693  
1634  684  
1633  679  
1632  677  
1632  677  
1632  681  
1634  690  
1635  704  
1637  721  
1639  740  
1637  772  
1632  789  
1619  803  
1595  813  
1561  824  
1514  834  
1414  842  
1348  840  
1278  840  
1208  850  

