1382  791  
1380  799  
1376  804  
1370  807  
1362  805  
1346  795  
1335  784  
1325  771  
1318  760  
1313  750  
1311  745  
1311  744  
1311  746  
1311  752  
1311  761  
1310  770  
1307  786  
1301  797  
1288  806  
1263  814  
1228  823  
1162  840  
1101  851  
1039  855  
994  853  
956  849  
924  846  
913  842  
1300  657  
1300  652  
1301  646  
1300  639  
1300  631  
1302  622  
1306  611  
1312  599  
1322  585  
1329  580  
1335  577  
1341  576  
1347  578  
1357  585  
1361  590  
1364  597  
1366  603  
1367  609  
1368  616  
1369  619  
1369  620  
1369  621  
1369  621  
1370  622  
1370  622  
1370  622  
1370  621  
1370  621  
1370  619  
1369  617  
1369  615  
1368  614  
1368  613  
1367  612  
1367  611  
1366  610  
1366  609  
1367  609  
1369  609  
1508  1285  
1518  1288  
1460  726  
1461  724  
1461  724  
1461  723  
1461  723  
1463  727  
1464  734  
1464  745  
1462  758  
1459  770  
1453  779  
1444  786  
1438  786  
1431  784  
1423  779  
1414  771  
1402  755  
1399  744  
1399  736  
1400  730  
1401  728  
1402  728  
1402  733  
1403  742  
1402  755  
1399  768  
1395  777  
1387  784  
1381  784  
1375  781  
1369  775  
1362  765  
1356  749  
1355  741  
1354  738  
1354  738  
1354  739  
1350  753  
1344  767  
1332  780  
1312  791  
1282  799  
1239  807  
1165  824  
1105  826  
1342  624  
1340  623  
1340  622  
1339  621  
1337  620  
1337  618  
1337  615  
1408  583  
1410  583  
1406  579  
1406  579  
1404  577  
1403  575  
1405  572  
1407  572  
1447  628  
1448  632  
1448  632  
1447  632  
1442  632  
1440  630  
1523  1262  
1536  1266  
1548  1273  
1406  693  
1404  691  
1401  689  
1401  691  
1402  694  
1403  705  
1404  716  
1405  729  
1405  740  

