1184  715  
1184  713  
1184  712  
1184  709  
1184  704  
1183  698  
1182  684  
1181  674  
1180  663  
1180  652  
1179  641  
1179  631  
1179  620  
1179  615  
1179  612  
1180  610  
1180  610  
1183  612  
1188  614  
1195  618  
1205  622  
1215  627  
1232  634  
1246  639  
1261  643  
1278  646  
1296  647  
1314  647  
1342  646  
1362  644  
1382  641  
1402  637  
1422  633  
1448  626  
1462  623  
1474  621  
1484  620  
1491  618  
1497  618  
1498  617  
1498  617  
1497  619  
1495  621  
1490  624  
1480  629  
1471  633  
1461  638  
1449  644  
1437  651  
1415  661  
1398  667  
1381  674  
1362  682  
1340  691  
1307  711  
1284  726  
1261  742  
1239  762  
1219  783  
1199  806  
1169  840  
1149  867  
1130  898  
1113  933  
1100  968  
1092  1013  
1094  1038  
1102  1062  
1114  1086  
1129  1110  
1158  1144  
1182  1161  
1207  1174  
1235  1179  

