1726  513  
1721  505  
1712  495  
1695  484  
1681  480  
1664  479  
1646  481  
1627  488  
1607  504  
1600  516  
1598  528  
1599  541  
1602  554  
1608  566  
1621  582  
1631  591  
1642  597  
1655  600  
1670  600  
1691  596  
1701  591  
1709  585  
1715  578  
1718  571  
1720  563  
1721  559  
1722  557  
1722  557  
1723  558  
1723  561  
1726  571  
1729  581  
1733  596  
1738  612  
1741  631  
1746  663  
1749  686  
1753  713  
1759  745  
1765  777  
1771  820  
1770  843  
1765  863  
1756  881  
1745  899  
1731  919  
1685  952  
1620  972  
1554  984  
1495  991  
1423  1001  
1308  1022  
1222  1027  
1138  1026  
1057  1029  
988  1035  
884  1029  
832  1011  
796  985  
759  954  
722  919  
697  884  
681  840  
679  813  
682  783  
691  753  
703  729  
725  702  
741  691  
755  685  
772  681  
794  677  
809  676  
1580  358  
1586  354  
1586  354  
1585  354  

