1421  974  
1396  998  
1369  1017  
1339  1028  
1273  1027  
1226  1010  
1192  983  
1173  948  
1165  911  
1172  871  
1189  854  
1213  844  
1231  843  
1612  497  
1611  493  
1612  491  
1612  491  
1612  491  
1612  492  
1610  495  
1610  498  
1609  502  
1609  508  
1609  515  
1610  531  
1612  544  
1615  560  
1620  577  
1626  597  
1634  619  
1648  653  
1656  677  
1664  702  
1671  726  
1677  751  
1684  782  
1688  798  
1689  809  
1688  817  
1684  823  
1672  828  
1660  830  
1644  833  
1623  835  
1598  838  
1574  842  
1538  851  
1510  857  
1472  862  
1429  865  
1392  865  
1350  861  
1319  858  
1283  858  
1251  859  
1227  861  
1212  866  
1207  870  
1672  187  
1671  184  
1673  176  
1675  174  
1676  174  
1676  174  
1676  174  
1678  176  
1680  184  
1682  193  
1685  205  
1687  218  
1691  235  
1695  256  
1702  292  
1705  319  
1706  348  
1708  380  
1711  415  

