1547  928  
1543  945  
1536  965  
1530  975  
1521  982  
1510  987  
1498  990  
1475  993  
1456  994  
1439  995  
1424  995  
1411  995  
1393  996  
1382  997  
1372  1001  
1362  1007  
1360  1012  
2085  933  
2083  927  
2084  925  
2082  923  
2076  920  
2067  919  
2053  918  
2032  920  
2005  922  
1973  924  
1933  929  
1914  933  
1896  936  
1878  939  
1855  941  
1804  944  
1770  946  
1744  948  
1724  950  
1703  954  
1651  961  
1608  965  
1574  967  
1553  967  
1536  967  
1521  967  
1500  965  
1488  963  
1476  960  
1465  956  
1456  951  
1446  938  
1441  928  
1437  915  
1435  901  
1434  888  
1433  873  
1433  864  
1433  855  
1434  848  
1434  842  
1435  838  
1437  835  
1437  835  
1437  835  
1437  836  
1437  840  
1437  848  
1437  855  
1436  863  
1436  871  
1436  880  
1437  894  
1439  904  
1440  916  
1440  929  
1441  941  
1439  952  
1433  969  
1425  980  
1415  989  
1403  997  
1390  1005  
1367  1015  
1350  1021  
1327  1025  
1297  1028  
1261  1028  
1212  1025  
1188  1022  
1166  1019  
1142  1016  
1118  1016  
1094  1015  
1066  1016  
1056  1018  
1050  1021  
1050  1024  
1216  1232  

