1178  1113  
1136  1083  
1084  1035  
1068  997  
1070  950  
1101  904  
1145  868  
1209  835  
1232  828  
1441  441  
1438  433  
1439  431  
1434  423  
1428  415  
1420  404  
1409  388  
1398  368  
1384  335  
1380  312  
1383  291  
1394  271  
1411  257  
1432  248  
1471  245  
1501  250  
1531  261  
1557  275  
1576  292  
1591  318  
1590  335  
1580  349  
1561  359  
1534  366  
1479  370  
1435  372  
1388  374  
1341  379  
1296  387  
1256  399  
1209  423  
1186  446  
1169  475  
1157  510  

