1213  902  
1240  1020  
1262  1071  
1278  1124  
1292  1178  
1300  1203  
1602  593  
1602  593  
1604  597  
1607  604  
1611  614  
1626  650  
1633  685  
1634  714  
1633  748  
1628  784  
1617  813  
1598  837  
1560  871  
1534  895  
1504  914  
1464  925  
1417  925  
1360  899  
1314  872  
1261  849  
1224  828  
1203  802  
1181  742  
1171  697  
1168  656  
1173  620  
1185  590  
1202  562  
1226  541  
1466  535  
1464  540  
1464  543  
1464  545  
1464  546  
1462  546  
1460  545  
1633  1290  
1617  648  
1617  647  
1617  644  
1615  640  
1611  635  
1607  630  
1599  623  
1593  620  
1588  618  
1584  616  
1583  616  
1582  617  
1582  620  
1583  626  
1585  634  
1587  645  
1592  668  
1595  687  
1596  711  
1597  738  
1595  768  
1589  798  
1573  835  
1558  858  
1540  884  
1518  915  
1486  943  
1417  974  
1375  989  
1329  1000  
1263  999  
1201  982  
1130  948  
1080  919  
1041  886  
1015  855  
999  826  
991  792  
996  732  
1012  697  
1034  670  
1062  650  

