1320  832  
1316  832  
1311  831  
1302  830  
1296  830  
1290  830  
1285  830  
1279  830  
1274  830  
1268  831  
1261  832  
1367  692  
1368  693  
1368  693  
1368  693  
1368  694  
1370  696  
1372  700  
1374  707  
1378  719  
1382  728  
1386  739  
1391  750  
1396  763  
1404  782  
1407  795  
1408  806  
1407  817  
1403  827  
1397  835  
1386  847  
1377  853  
1367  858  
1355  860  
1341  860  
1306  856  
1274  853  
1243  850  
1230  846  
1336  630  
1335  630  
1335  631  
1334  630  
1332  630  
1327  625  
1488  1334  
1498  1334  
1512  1333  

