1515  1401  
1294  664  
1297  660  
1304  659  
1312  661  
1322  669  
1342  698  
1359  737  
1377  791  
1389  844  
1391  890  
1378  968  
1355  1016  
1314  1052  
1261  1081  
1209  1096  
1773  1257  
1764  1251  
1752  1245  
1751  1244  
1303  586  
1304  583  
1304  583  
1296  581  
1285  579  
1725  1180  
1737  1187  
1740  1188  
1914  1438  
1520  615  
1519  613  
1520  613  
1520  613  
1523  618  
1525  622  
1526  628  
1528  637  
1529  647  
1529  655  
1525  665  
1521  668  
1516  670  
1510  669  
1504  663  
1493  650  
1488  640  
1485  633  
1483  629  
1483  627  
1482  627  
1483  630  
1483  636  
1483  643  
1483  650  
1482  655  
1477  660  
1473  660  
1467  657  
1461  651  
1456  642  
1449  631  
1446  626  
1444  622  
1442  620  
1441  619  

