1586  430  
1547  440  
1525  450  
1506  461  
1490  474  
1477  489  
1469  505  
1467  527  
1474  542  
1485  557  
1501  573  
1520  590  
1554  615  
1580  633  
1607  651  
1633  670  
1658  690  
1691  726  
1709  752  
1722  779  
1730  806  
1732  828  
1731  848  
1720  874  
1707  890  
1681  911  
1633  936  
1579  957  
1517  971  
1467  974  
1409  975  
1357  976  
1291  972  
1189  951  
1138  932  
1079  910  
1027  886  
987  860  
947  838  
899  808  
878  782  
865  751  
858  721  
857  696  
871  665  
889  647  
913  632  
929  627  
1151  1139  
1146  1145  
1142  1144  
1143  1145  
1146  1149  
1150  1151  
1345  1125  
1363  1123  
1367  1125  
1367  1128  
1364  1131  
988  1529  
941  1564  
927  1573  
925  1575  
924  1575  
926  1572  
933  1561  
942  1547  
944  1545  
1670  566  
1667  542  
1662  519  
1659  505  
1653  491  
1645  476  
1634  463  

