1174  818  
1195  805  
1217  796  
1242  793  
1453  1077  
1455  1076  
1458  1076  
1458  1075  
1460  1074  
1463  1073  
1683  757  
1683  760  
1686  765  
1688  769  
1690  775  
1696  785  
1702  793  
1710  801  
1720  810  
1729  819  
1737  828  
1744  840  
1746  848  
1746  856  
1742  863  
1735  869  
1717  874  
1696  875  
1658  878  
1605  885  
1559  897  
1503  913  
1451  918  
1400  919  
1360  918  
1305  916  
1235  917  
1161  922  
1113  920  
1066  910  
1035  895  
1016  879  
999  853  
994  838  
994  824  
998  809  
1006  797  
1021  786  
1033  783  
1045  783  
1056  783  
1064  785  
1068  788  
1070  792  
1240  730  
1242  730  
1246  731  
1249  734  
1251  738  

