1331  836  
1331  837  
1332  840  
1333  844  
1333  851  
1327  858  
1294  870  
1249  882  
1201  899  
1158  918  
1103  925  
1057  921  
1417  1459  
1433  1458  
1444  1458  
1459  1460  
1280  1031  
1280  1033  
1277  1030  
1277  1025  
1277  1016  
1278  998  
1281  966  
1285  920  
1292  863  
1298  841  
1304  820  
1313  798  
1324  776  
1344  754  
1358  747  
1372  746  
1383  749  
1396  758  
1415  779  
1422  796  
1424  813  
1420  828  
1410  840  
1395  852  
1371  864  
1356  870  
1340  873  
1319  874  
1293  874  
1256  871  
1240  867  
1232  861  
1228  854  
1226  849  
1224  845  
1224  843  
1223  843  
1222  846  
1219  853  
1213  863  
1196  883  
1179  899  
1155  916  
1115  929  
1069  937  
1035  929  
1523  1495  
1523  1495  
1523  1495  
1523  1495  
1515  1491  
1515  1492  
1514  1492  
1514  1491  
1513  1490  
1513  1490  
1304  1009  
1304  1005  
1306  992  
1308  969  
1311  936  
1316  898  
1322  858  
1325  841  
1329  828  
1335  816  
1344  804  
1365  792  
1381  791  
1398  795  
1416  803  
1431  813  
1442  826  
1450  848  
1446  864  
1434  879  
1417  892  
1398  904  
1372  920  
1350  929  
1315  934  
1270  936  
1231  934  
1203  919  
1194  903  
1189  887  
1188  874  
1188  863  
1189  856  
1191  852  
1191  852  
1190  857  
1186  869  
1179  886  
1157  917  
1128  936  
1084  954  
1036  974  
983  995  
907  1000  
1503  1260  
1505  1260  
1508  1260  
1512  1260  
1515  1260  
1518  1260  
1520  1260  
1523  1260  
1526  1260  
1528  1260  
1530  1260  
1531  1260  
1533  1262  
1534  1262  
1534  1262  
1535  1262  
1535  1262  
1535  1263  
1535  1264  
1535  1264  
1536  1264  
1536  1264  
1536  1265  
1536  1265  

