1252  917  
1202  910  
1171  903  
1133  891  
1114  880  
1101  866  
1096  849  
1098  832  
1111  804  
1127  785  
1146  763  
1384  653  
1379  649  
1373  649  
1363  651  
1343  654  
1332  658  
1322  662  
1315  667  
1312  671  
1311  677  
1317  686  
1324  692  
1331  698  
1338  706  
1343  713  
1346  725  
1344  732  
1340  740  
1333  743  
1733  554  
1733  556  
1734  560  
1735  561  
1736  563  
1736  564  
1736  566  
1733  569  
1725  578  
1716  586  
1705  595  
1691  604  
1676  614  
1648  627  
1627  637  
1606  646  
1584  654  
1564  661  
1536  667  
1519  670  
1506  671  
1496  673  
1492  674  
1491  676  
1496  681  
1504  686  
1516  691  
1531  696  
1547  703  
1572  715  
1590  724  
1609  734  
1628  745  
1645  758  
1670  778  
1685  792  
1698  805  
1708  817  
1717  827  
1722  836  
1724  848  
1720  855  
1713  860  
1700  862  
1680  863  
1631  864  
1592  868  
1557  874  
1525  881  
1486  886  
1415  888  
1379  886  
1349  881  
1317  878  
1279  878  
1245  879  
1214  882  
1208  884  
1679  568  
1683  566  
1683  566  
1683  568  
1683  572  
1682  577  
1678  588  
1674  598  
1668  609  
1661  620  
1651  631  
1632  652  
1616  667  
1595  682  
1570  699  
1541  717  
1510  735  
1460  761  
1428  777  
1399  790  
1377  800  
1360  807  
1343  813  
1335  816  
1332  816  
1331  816  
1333  816  
1342  815  
1351  813  
1362  811  
1374  809  
1388  808  
1405  806  
1433  804  
1454  802  
1476  800  
1496  798  
1515  797  
1541  795  
1556  795  
1570  797  
1582  800  
1592  804  
1604  811  
1610  817  
1612  824  
1610  832  
1604  840  
1593  849  
1572  864  
1556  875  
1540  887  
1522  898  
1500  906  
1461  912  
1432  912  
1409  907  
1391  900  
1377  893  
1362  880  
1354  871  
1347  863  
1341  854  
1335  845  
1331  836  
1324  819  
1321  804  
1319  784  
1317  757  
1314  727  
1311  684  
1309  660  
1308  638  
1308  619  
1309  602  
1309  580  
1309  571  
1309  564  
1309  561  
1309  561  
1310  563  
1316  575  
1648  547  
1649  545  
1644  543  
1643  547  
1640  552  
1633  561  
1625  568  
1613  576  
1600  586  
1585  598  
1568  611  
1537  630  
1511  645  
1480  661  
1447  674  
1415  684  
1373  693  
1350  695  
1331  695  
1315  693  
1305  691  
1300  690  
1302  690  
1307  690  
1319  690  
1335  690  
1354  690  
1389  688  
1414  686  
1441  683  
1469  680  
1497  676  
1536  673  
1560  672  
1580  673  
1600  676  
1618  680  
1642  691  
1656  702  
1666  714  
1673  727  
1676  742  
1675  758  
1668  783  
1659  797  
1648  809  
1633  818  
1613  826  
1580  835  
1560  840  
1539  844  
1517  845  
1492  843  
1450  833  
1424  822  
1402  807  
1381  790  
1364  772  
1348  754  
1330  728  
1321  713  
1315  700  
1310  690  
1309  684  
1308  680  
1311  680  
1312  679  
1494  603  
1495  608  
1492  614  
1488  621  
1483  630  
1469  645  
1456  658  
1440  673  
1421  691  
1398  713  
1376  738  
1341  778  
1318  800  
1295  817  
1268  833  
1239  848  
1205  874  
1191  892  
1181  911  
1175  925  
1171  933  
1170  937  
1170  934  
1173  928  
1178  916  
1185  900  
1194  884  
1214  862  
1233  849  
1255  839  
1276  832  
1295  825  
1321  816  
1337  811  
1351  808  
1365  807  
1379  806  
1394  809  
1417  817  
1431  824  
1442  832  
1454  841  
1464  852  
1473  870  
1475  883  
1476  899  
1473  919  
1468  939  
1456  967  
1444  983  
1430  998  
1416  1010  
1401  1020  
1386  1028  
1365  1036  
1350  1039  
1333  1040  
1315  1040  
1294  1039  
1261  1034  
1238  1027  
1218  1019  
1202  1010  
1189  998  
1174  980  
1165  970  
1157  960  
1151  951  
1147  945  
1145  941  
1143  939  
1143  938  
1143  938  
1143  939  
1143  941  
1144  945  
1145  947  
1146  948  
1146  949  
1146  949  
1146  949  
1146  949  
1146  949  
1146  949  
1146  948  
1146  948  
1145  950  
1144  956  
1692  558  
1694  558  
1695  558  
1695  558  
1695  558  
1695  558  
1694  558  
1692  560  
1689  563  
1684  568  
1677  574  
1669  581  
1653  593  
1639  604  
1621  615  
1601  626  
1580  637  
1546  651  
1522  658  
1497  664  
1472  669  
1448  673  
1427  678  
1403  683  
1392  686  
1387  687  
1387  689  
1387  690  
1394  695  
1404  700  

