1516  687  
1514  678  
1517  677  
1519  676  
1522  674  
1524  673  
1529  673  
1535  674  
1542  677  
1551  681  
1562  685  
1574  692  
1598  703  
1617  710  
1639  717  
1663  723  
1688  730  
1730  741  
1757  749  
1780  756  
1796  762  
1804  764  
1806  765  
1805  765  
1800  766  
1790  767  
1775  769  
1758  769  
1728  768  
1709  768  
1688  768  
1665  768  
1637  769  
1590  772  
1556  775  
1519  778  
1472  781  
1420  782  
1342  784  
1292  786  
1241  791  
1191  799  
1135  806  
1073  811  
994  812  
950  812  
907  813  
871  816  
842  819  
806  821  
783  820  
763  817  
746  813  
732  808  
718  796  
712  784  
709  767  
708  747  
707  729  
707  714  
703  699  
699  693  
692  691  
679  694  
663  702  
633  724  
612  744  
589  764  
565  782  
543  796  
512  812  
495  820  
482  826  
473  829  
467  828  
462  822  
456  803  
451  786  
446  772  
441  761  
435  756  
421  760  
406  772  
381  795  
346  826  
301  865  
278  888  
1665  753  

