1415  947  
1426  947  
1433  949  
1440  953  
1446  959  
1452  967  
1459  977  
1465  982  
1472  984  
1480  985  
1489  981  
1503  968  
1509  963  
1708  910  
1714  928  
1719  943  
1724  962  
1726  973  
1728  982  
1730  988  
1730  993  
1730  998  
1730  1001  
1728  1004  
1725  1007  
1720  1010  
1713  1014  
1695  1019  
1675  1022  
1648  1025  
1614  1026  
1583  1026  
1548  1025  
1525  1025  
1497  1025  
1463  1027  
1425  1030  
1377  1035  
1351  1038  
1324  1039  
1295  1040  
1267  1036  
1244  1030  
1223  1016  
1216  1005  
1215  994  
1217  982  
1223  968  
1245  949  
1267  936  
1291  924  
1314  915  
1333  911  
1353  913  
1363  919  
1371  925  
1378  932  
1383  939  
1388  944  
1392  951  
1396  953  
1473  880  
1470  878  
1472  877  
1477  875  
1485  871  
1494  867  
1509  859  
1518  854  
1527  850  
1535  847  
1540  847  
1547  850  
1551  854  
1555  859  
1560  864  
1566  868  
1572  870  
1583  871  

