834  731  
848  693  
882  661  
969  629  
1048  619  
1474  559  
1474  558  
1474  558  
1474  558  
1474  563  
1476  569  
1477  580  
1478  587  
1477  594  
1472  600  
1466  604  
1459  606  
1451  604  
1447  599  
1444  590  
1442  582  
1440  576  
1439  574  
1439  575  
1439  578  
1440  583  
1438  590  
1431  600  
1424  605  
1415  606  
1406  604  
1396  599  
1386  590  
1378  577  
1375  570  
1375  567  
1374  565  
1374  565  
1376  571  
1379  584  
1380  604  
1379  630  
1372  660  
1348  712  
1321  747  
1284  777  
1235  797  
1178  807  
1111  806  
1010  778  
962  747  
924  708  
898  666  
886  621  
898  549  
928  506  
973  473  
1032  448  
1065  436  
1380  459  
1381  441  
1384  425  
1389  410  
1399  395  
1419  376  
1433  372  
1446  375  
1457  384  
1467  399  
1475  426  
1477  443  
1480  452  
1471  1181  
1483  1185  
1489  1187  
1411  659  
1414  660  
1412  657  
1412  659  
1412  662  
1413  669  
1413  675  
1414  682  
1414  688  
1412  694  
1404  700  
1399  701  
1394  699  
1389  694  
1385  687  
1381  677  
1378  672  
1378  669  
1377  668  
1377  668  
1376  672  
1373  681  
1370  688  
1365  693  
1359  697  
1354  699  

