1417  705  
1434  711  
1453  718  
1483  731  
1502  742  
1521  755  
1539  769  
1554  782  
1567  795  
1585  811  
1596  820  
1607  828  
1619  835  
1632  842  
1648  852  
1659  860  
1668  867  
1677  875  
1686  885  
1696  906  
1701  923  
1705  941  
1708  958  
1710  975  
1712  993  
1713  1015  
1714  1026  
1714  1036  
1714  1045  
1712  1053  
1704  1063  
1695  1068  
1682  1073  
1665  1075  
1647  1076  
1615  1076  
1592  1076  
1570  1076  
1550  1075  
1531  1075  
1511  1075  
1482  1076  
1461  1077  
1442  1077  
1425  1077  
1410  1078  
1392  1079  
1382  1080  
1374  1081  
1367  1082  
1362  1082  
1356  1083  
1355  1083  
1355  1084  
1355  1084  
1356  1087  
1359  1089  
1675  455  
1681  455  
1685  459  
1685  463  
1682  468  
1671  477  
1663  484  
1654  491  
1646  499  
1637  506  
1619  517  
1605  524  
1587  531  
1569  538  
1552  545  
1537  552  
1515  561  
1501  567  
1488  571  
1475  575  
1465  578  
1457  582  
1456  585  
1458  589  
1462  596  
1469  603  
1484  615  
1499  624  
1516  636  
1535  650  
1553  665  
1571  681  
1596  709  
1612  729  
1629  752  
1645  776  
1662  798  
1687  825  
1703  843  
1718  860  
1731  879  
1742  900  
1757  934  
1766  955  
1773  974  
1778  991  
1779  1006  
1777  1018  
1766  1033  
1755  1042  
1742  1049  
1728  1056  
1712  1063  
1679  1071  
1653  1075  
1624  1078  
1596  1079  
1569  1080  
1530  1080  
1502  1080  
1472  1080  
1441  1080  
1415  1081  
1392  1081  
1365  1083  
1350  1084  
1338  1085  
1327  1086  
1319  1086  
1310  1087  
1309  1087  
1308  1087  
1309  1089  
1311  1092  
1316  1094  
1656  580  
1654  579  
1654  579  
1655  581  
1655  582  
1655  584  
1653  587  
1649  592  
1643  598  
1630  611  
1620  620  
1608  631  
1593  643  
1576  657  
1548  678  
1530  691  
1513  703  
1497  714  
1481  723  
1466  731  
1446  739  
1436  743  
1429  745  
1425  747  
1423  747  
1421  748  
1420  749  
1420  749  
1419  750  
1419  750  
1417  751  
1416  751  
1415  752  
1414  752  
1413  753  
1412  753  
1411  753  
1411  753  
1411  753  
1411  753  
1411  753  
1411  753  
1411  754  
1411  754  
1411  754  
1411  754  
1413  757  
1414  759  
1416  762  
1418  766  
1421  771  
1425  776  
1431  784  
1436  789  
1441  794  
1448  799  
1456  804  
1470  812  
1480  817  
1489  821  
1497  824  
1505  828  
1517  834  
1524  838  
1531  842  
1537  846  
1542  851  
1547  855  
1553  862  
1557  867  
1561  873  
1564  880  
1568  889  
1575  908  
1580  922  
1587  938  
1594  952  
1601  966  
1611  986  
1617  998  
1622  1008  
1625  1017  
1627  1024  
1628  1030  
1629  1038  
1628  1044  
1626  1049  
1622  1054  
1617  1058  
1603  1063  
1590  1066  
1576  1067  
1561  1068  
1545  1069  
1518  1071  
1498  1072  
1476  1073  
1452  1075  
1430  1077  
1412  1079  
1388  1083  
1375  1085  
1363  1088  
1352  1090  
1343  1093  
1330  1096  
1323  1097  
1317  1099  
1311  1100  
1306  1102  
1299  1103  
1296  1103  
1295  1104  
1294  1104  
1293  1104  
1293  1105  
1293  1105  
1292  1105  
1291  1105  
1290  1105  
1289  1104  
1289  1104  
1289  1104  
1289  1104  
1289  1104  
1289  1104  
1287  1105  
1288  1106  
1536  462  
1533  463  
1534  464  
1535  467  
1535  470  
1536  472  
1537  474  
1537  476  
1538  478  
1539  479  
1539  480  
1540  480  
1540  480  
1540  480  
1541  480  
1541  480  
1541  480  
1541  480  
1541  480  
1541  480  
1541  480  
1541  480  
1541  480  
1541  480  
1541  480  
1541  481  
1542  483  
1543  487  
1544  492  
1546  500  
1550  514  
1553  525  
1556  538  
1561  554  
1565  571  
1574  601  
1580  622  
1587  645  
1593  670  
1600  695  
1610  735  
1616  762  
1620  789  
1623  812  

