1517  1060  
1516  1075  
1515  1088  
1512  1106  
1510  1117  
1509  1125  
1508  1131  
1507  1135  
1506  1136  
1506  1136  
1506  1134  
1504  1128  
1503  1119  
1502  1108  
1498  1090  
1494  1077  
1488  1062  
1480  1047  
1471  1031  
1452  1004  
1440  985  
1429  966  
1419  947  
1409  928  
1395  898  
1385  881  
1376  867  
1368  854  
1359  842  
1350  832  
1334  819  
1322  811  
1309  804  
1295  798  
1281  793  
1257  788  
1237  788  
1217  789  
1194  793  
1168  798  
1111  809  
1063  817  
1037  818  
1512  972  
1512  969  
1514  965  
1514  948  
1513  931  
1510  910  
1506  888  
1504  867  
1503  832  
1504  805  
1506  776  
1507  747  
1509  723  
1512  705  
1520  689  
1527  685  
1537  685  
1550  691  
1565  703  
1592  726  
1613  744  
1637  763  
1661  783  
1685  802  
1717  827  
1732  842  
1742  854  
1748  865  
1749  873  
1746  880  
1735  888  
1724  889  
1710  886  
1691  879  
1665  871  
1625  860  
1604  855  
1593  849  
1589  843  

