1528  830  
1540  845  
1551  867  
1554  882  
1555  903  
1552  929  
1545  954  
1533  974  
1502  997  
1463  1009  
1442  1015  
1348  734  
1338  735  
1329  737  
1311  734  
1296  727  
1279  717  
1263  704  
1250  688  
1243  674  
1245  649  
1251  629  
1261  610  
1272  591  
1284  576  
1305  565  
1320  564  
1336  569  
1352  580  
1367  597  
1390  631  
1405  662  
1420  701  
1433  747  
1446  796  
1459  841  
1476  908  
1480  960  
1475  1009  
1458  1050  
1430  1086  
1369  1140  
1314  1167  

