1042  419  
1432  340  
1428  336  
1428  327  
1429  320  
1432  313  
1437  305  
1443  298  
1450  291  
1461  282  
1467  278  
1474  278  
1481  280  
1488  285  
1498  295  
1504  301  
1513  306  
1524  310  
1534  310  
1548  308  
1554  304  
1559  298  
1563  290  
1564  284  
1551  573  
1550  566  
1546  561  
1540  557  
1533  552  
1524  549  
1508  545  
1495  544  
1483  544  
1471  546  
1459  549  
1449  555  
1434  565  
1426  574  
1421  584  
1418  596  
1418  609  
1425  624  
1436  633  
1451  639  
1469  644  
1488  645  
1505  642  
1527  632  
1539  623  
1549  613  
1555  603  
1559  594  
1561  584  
1563  580  
1563  578  
1563  577  
1563  577  
1563  579  
1563  582  
1564  589  
1564  599  
1566  610  
1568  622  
1574  646  
1581  667  
1590  689  
1599  714  
1607  742  
1617  784  
1621  807  
1622  826  
1620  842  
1611  858  
1584  887  
1562  913  
1539  938  
1510  955  
1469  967  
1419  976  
1354  988  
1295  989  
1226  979  
1174  961  
1124  942  
1045  903  
1007  872  
971  845  
936  823  
910  798  
886  750  
876  715  
871  683  
871  655  
873  630  
880  608  
898  579  
920  562  
933  552  
1354  410  
1344  410  
1341  410  
1340  411  
1338  412  

