1624  830  
1625  847  
1616  872  
1604  896  
1588  925  
1572  953  
1557  974  
1533  995  
1512  1004  
1483  1011  
1445  1018  
1408  1025  
1360  1037  
1329  1044  
1291  1050  
1250  1054  
1211  1058  
1174  1061  
1112  1066  
1071  1069  
1037  1073  
1012  1077  
991  1081  
965  1086  
952  1088  
943  1089  
938  1090  
936  1092  
938  1094  
938  1092  
1246  845  
1245  843  
1244  845  
1231  848  
1218  852  
1205  857  
1193  864  
1183  870  
1176  876  
1172  884  
1173  889  
1176  893  
1182  896  
1189  899  
1199  908  
1206  917  
1212  926  
1215  934  
1216  942  
1211  955  
1203  965  
1199  971  
1910  969  
1910  970  
1907  971  
1904  973  
1899  975  
1893  977  
1887  978  
1880  979  
1871  980  
1855  983  
1837  985  
1814  987  
1789  990  
1766  992  
1738  997  
1721  1002  
1701  1009  
1672  1014  
1635  1018  
1595  1019  
1550  1017  
1526  1015  
1498  1014  
1463  1014  
1427  1016  
1381  1020  
1358  1023  
1335  1027  
1309  1029  
1282  1031  
1245  1031  
1228  1031  
1619  719  
1616  719  
1614  728  
1604  739  
1594  748  
1580  758  
1564  767  
1545  777  
1511  792  
1481  801  
1446  810  
1409  817  
1374  822  
1345  825  
1304  827  
1281  830  
1263  833  
1248  837  
1238  840  
1235  843  
1242  846  
1257  850  
1278  855  
1303  864  
1341  882  
1360  899  
1377  918  
1394  935  
1412  949  
1431  961  
1461  977  
1478  988  
1488  996  
1494  1003  
1497  1008  
1496  1014  
1491  1017  
1480  1019  
1464  1020  
1444  1020  
1415  1021  
1395  1024  
1376  1027  
1356  1031  
1331  1035  
1302  1038  
1251  1041  
1218  1041  
1190  1040  
1163  1040  
1133  1040  
1085  1043  
1056  1046  
1032  1050  
1011  1055  
993  1059  
969  1064  
955  1065  
942  1067  
932  1067  
924  1069  
918  1069  
917  1069  
1726  735  
1728  738  
1728  740  
1726  742  
1722  745  
1715  750  
1708  752  
1698  755  
1685  757  
1669  759  
1639  763  
1612  767  
1580  772  
1545  778  
1507  784  
1462  792  
1397  801  
1363  802  
1337  804  
1311  801  
1567  545  
1565  547  
1561  554  
1555  558  
1546  562  
1534  566  

