1357  837  
1358  840  
1359  841  
1359  842  
1364  843  
1065  794  
1064  789  
1066  789  
1066  785  
1067  779  
1067  771  
1067  761  
1065  743  
1062  731  
1059  719  
1056  708  
1054  698  
1055  687  
1058  684  
1062  683  
1067  685  
1074  689  
1092  698  
1107  705  
1125  710  
1146  713  
1168  715  
1192  715  
1228  714  
1253  711  
1278  707  
1302  701  
1324  694  
1356  684  
1374  679  
1390  675  
1402  672  
1412  670  
1417  669  
1417  669  
1415  672  
1408  675  
1398  680  
1383  686  
1354  701  
1331  714  
1306  729  
1282  745  
1259  765  
1219  797  
1191  819  
1162  842  
1130  867  
1096  894  
1057  945  
1043  979  
1035  1012  
1030  1040  
1031  1066  
1038  1088  
1058  1119  
1078  1137  
1104  1149  
1132  1156  
1163  1156  
1211  1145  
1244  1133  
1277  1121  
1311  1110  

