1511  838  
1457  841  
1396  839  
1342  833  
1286  831  
1208  839  
1187  841  
1429  629  
1426  626  
1421  622  
1416  617  
1407  606  
1404  595  
1402  582  
1402  571  
1406  559  
1415  543  
1424  534  
1435  530  
1447  529  
1461  534  
1481  549  
1491  564  
1497  580  
1498  597  
1495  612  
1487  624  
1463  638  
1442  645  
1415  651  
1385  654  
1357  655  
1318  656  
1296  659  
1276  664  
1259  671  
1245  682  
1231  711  
1224  741  
1219  778  
1215  814  
1211  850  

