1262  473  
1235  482  
1203  497  
1169  517  
1136  542  
1094  589  
1067  628  
1042  673  
1018  732  
998  798  
994  857  
1019  940  
1067  976  
1138  994  
1222  1003  
1314  989  
1478  932  
1579  878  
1698  824  
1537  599  
1537  597  
1536  593  
1532  585  
1527  579  
1519  573  
1508  566  
1495  561  
1480  558  
1453  558  
1437  561  
1421  568  
1409  576  
1400  588  
1395  610  
1398  624  
1407  638  
1423  652  
1443  665  
1475  677  
1493  679  
1507  679  
1518  678  
1526  678  
1532  677  
1535  677  
1535  677  
1533  677  
1528  677  
1519  677  
1500  678  
1482  678  
1458  678  
1428  678  
1391  678  
1327  679  
1279  683  
1225  692  
1162  707  
1090  724  
1017  734  
1358  765  
1354  763  
1356  765  
1359  765  
1363  767  
1376  772  
1387  774  
1403  774  
1420  771  
1438  767  
1455  761  
1478  747  
1489  734  
1497  723  
1500  713  
1500  704  

