1221  750  
1223  749  
1224  749  
1224  750  
1224  750  
1224  752  
1222  753  
1220  755  
1218  757  
1215  760  
1211  760  
1209  760  
1658  1217  
1474  838  
1468  836  
1463  839  
1460  841  
1456  841  
1452  842  
1443  844  
1436  845  
1427  847  
1417  849  
1405  851  
1387  852  
1378  852  
1370  852  
1363  852  
1357  852  
1349  849  
1345  846  
1341  843  
1338  839  
1335  833  
1332  826  
1330  811  
1328  800  
1328  788  
1328  775  
1329  761  
1331  740  
1332  727  
1332  714  
1333  702  
1334  691  
1335  680  
1335  675  
1335  671  
1335  669  
1334  668  
1334  667  
1334  666  
1334  666  
1334  666  
1334  666  
1334  666  
1334  666  
1334  665  
1334  664  
1333  664  
1333  664  
1333  664  
1333  664  
1331  666  
1328  669  
1325  674  
1320  678  
1310  686  
1301  691  
1291  696  
1281  701  
1271  704  
1255  707  
1245  708  
1234  709  
1224  711  
1213  713  
1195  717  
1184  721  
1174  727  
1165  734  
1156  742  
1147  752  
1138  767  
1134  777  
1132  787  
1131  797  
1133  805  
1140  814  
1149  815  
1162  815  
1177  811  
1192  807  
1205  803  
1224  798  
1235  796  
1246  795  
1254  795  
1258  793  
1260  790  
1901  741  
1899  739  
1896  737  
1893  737  
1889  737  
1883  739  
1876  740  
1866  741  
1849  746  
1834  749  
1819  752  
1805  753  
1790  755  
1764  756  
1746  758  
1729  759  
1712  761  
1695  764  
1672  768  
1657  771  
1642  776  
1627  783  
1613  790  
1600  798  
1584  813  
1573  824  
1563  834  
1552  847  
1539  862  
1518  891  
1504  916  
1490  941  
1474  963  
1455  984  
1431  1009  
1417  1022  
1407  1031  
1399  1035  
1392  1037  
1388  1035  
1381  1026  
1378  1017  
1374  1005  
1370  991  
1366  975  
1358  950  
1351  932  
1340  912  
1324  894  
1302  880  
1264  868  
1238  865  
1215  864  
1198  865  
1181  868  
1159  871  
1111  873  
1070  873  

