1387  382  
1379  372  
1369  362  
1361  359  
1352  357  
1343  356  
1334  357  
1319  364  
1308  373  
1298  388  
1290  407  
1284  429  
1283  450  
1295  473  
1312  483  
1333  488  
1353  489  
1370  485  
1384  470  
1388  455  
1389  437  
1389  423  
1387  414  
1386  408  
1385  407  
1385  407  
1386  410  
1388  416  
1392  427  
1403  454  
1414  476  
1426  504  
1438  536  
1448  571  
1459  631  
1461  674  
1459  722  
1450  773  
1432  819  
1406  855  
1367  903  
1331  943  
1304  961  
1741  788  
1740  790  
1734  787  
1728  787  
1720  787  
1709  786  

