1582  356  
1577  361  
1575  362  
1754  625  
1747  624  
1740  626  
1732  627  
1717  628  
1705  628  
1691  628  
1676  629  
1662  629  
1642  629  
1629  629  
1615  628  
1599  628  
1586  627  
1568  624  
1559  623  
1552  620  
1547  616  
1542  611  
1538  604  
1533  590  
1531  581  
1530  574  
1531  566  
1533  559  
1537  549  
1540  543  
1545  538  
1549  534  
1553  533  
1560  533  
1565  536  
1571  541  
1578  548  
1586  556  
1594  565  
1610  579  
1621  588  
1632  597  
1642  604  
1650  610  
1657  615  
1660  618  
1660  619  
1660  620  
1656  620  
1645  622  
1633  622  
1617  622  
1598  622  
1579  622  
1558  622  
1521  624  
1492  626  
1459  628  
1421  631  
1380  634  
1314  638  
1267  641  
1216  644  
1161  648  
1102  653  
1014  660  
961  664  
914  667  
873  670  
839  672  
813  673  
791  676  
787  673  
791  670  
1551  429  
1553  430  
1554  436  
1550  443  
1834  783  
1831  782  
1825  782  
1820  783  
1814  783  
1806  784  

