1308  476  
1289  481  
1271  489  
1253  501  
1236  516  
1221  534  
1210  563  
1212  580  
1220  595  
1234  609  
1253  619  
1283  628  
1302  629  
1317  629  
1327  627  
1333  624  
1335  621  
1332  620  
1324  619  
1311  623  
1293  631  
1271  646  
1237  678  
1217  708  
1203  744  
1194  783  
1191  816  
1198  855  
1217  882  
1266  919  
1329  955  
1383  975  
1478  983  
1555  978  
1637  952  
1677  931  
1307  340  
1305  339  
1306  341  
1305  353  
1304  355  
1329  829  
1326  827  
1331  831  
1339  836  
1350  841  
1363  845  
1377  846  
1392  846  
1417  840  
1434  835  
1450  827  
1464  815  
1473  798  
1477  770  
1473  754  
1466  742  
1456  734  
1442  727  
1411  721  
1390  719  
1371  721  
1352  727  
1334  737  
1316  751  
1296  773  
1287  789  
1280  806  
1275  820  
1273  832  
1280  848  
1297  860  
1322  871  
1348  884  
1369  898  
1405  915  
1440  923  
1477  927  
1505  928  
1523  929  
1535  929  
1542  928  
1542  927  
1537  926  
1528  926  
1515  926  
1480  927  
1442  928  
1404  928  
1373  930  
1327  936  
1217  945  
1155  952  
1087  960  

