774  996  
803  991  
818  992  
834  997  
853  1005  
876  1013  
916  1022  
1169  972  
1169  969  
1169  969  
1170  969  
1171  969  
1173  968  
1178  965  
1339  961  
1352  963  
1356  963  
1359  963  
1362  962  
1364  957  
1364  952  
1745  970  
1734  988  
1722  997  
1707  1004  
1697  1008  
1517  1014  
1485  1016  
1446  1017  
1395  1021  
1369  1023  
1348  1026  
1325  1028  
1300  1029  
1285  1027  
1711  985  
1715  1001  
1719  1014  
1720  1020  
1720  1024  
1720  1028  
1715  1033  
1704  1041  
1691  1048  
1674  1053  
1652  1058  
1626  1063  
1597  1066  
1552  1071  
1518  1075  
1477  1079  
1433  1082  
1390  1086  
1327  1092  
1286  1093  
1244  1094  
1205  1094  
1169  1092  
1118  1086  
1090  1079  
1067  1072  
1053  1062  
1045  1050  
1043  1038  
1048  1018  
1057  1004  
1072  993  
1092  984  
1113  977  
1140  975  
1153  979  
1164  986  
1173  994  
1182  1003  
1193  1014  
1201  1018  
1208  1019  
1366  971  
1367  972  
1367  970  
1369  968  
1375  963  
1381  959  
1389  955  
1398  951  
1407  948  

