1433  801  
1402  804  
1370  807  
1338  809  
1302  811  
1243  817  
1207  821  
1404  553  
1406  548  
1409  551  
1409  557  
1405  564  
1324  323  
1317  314  
1310  304  
1304  296  
1289  286  
1276  283  
1263  283  
1250  287  
1237  294  
1221  308  
1213  322  
1208  340  
1208  357  
1214  372  
1225  385  
1249  398  
1268  404  
1285  408  
1300  409  
1313  409  
1323  406  
1325  405  
1324  404  
1319  403  
1307  403  
1280  406  
1256  414  
1228  425  
1197  442  
1167  464  
1138  492  
1101  545  
1087  587  
1086  631  
1103  675  
1139  715  
1221  765  
1292  791  
1373  810  
1466  817  
1569  805  
1661  767  
1232  139  
1232  140  
1234  145  
1235  150  
1233  148  
1435  1122  
1409  492  
1413  492  
1412  487  
1412  485  
1413  479  
1413  474  
1413  469  
1411  463  
1408  458  
1400  452  
1393  449  
1385  449  
1378  450  
1371  454  
1362  463  

