1520  570  
1494  575  
1471  579  
1442  583  
1411  587  
1382  592  
1355  597  
1325  603  
1311  607  
1300  611  
1294  614  
1292  617  
1293  621  
1299  623  
1310  627  
1324  631  
1341  636  
1370  645  
1387  653  
1403  661  
1417  671  
1429  683  
1440  699  
1450  726  
1452  744  
1450  761  
1444  776  
1435  789  
1413  803  
1395  809  
1376  814  
1357  817  
1336  818  
1308  819  
1254  819  
1217  821  
1188  823  
1165  825  
1144  825  
1134  823  
1699  420  
1699  415  
1700  409  
1701  404  
1702  397  
1702  389  
1702  381  
1702  372  
1702  367  
1702  363  
1702  360  
1702  359  
1701  357  
1701  357  
1699  359  
1694  363  
1687  368  
1676  374  
1653  383  
1634  388  
1611  394  
1587  398  
1561  402  
1525  404  
1504  406  
1489  407  
1477  408  
1469  408  
1461  409  
1458  409  
1457  409  
1457  409  
1458  410  
1460  413  
1466  419  
1475  425  
1488  433  
1505  443  
1523  454  
1548  469  
1561  480  
1573  492  
1584  504  
1593  518  
1605  538  
1612  552  
1617  565  
1622  578  
1624  590  
1625  603  
1623  620  
1620  630  
1616  640  
1611  650  
1604  658  
1593  668  
1585  672  
1575  676  
1565  679  
1554  681  
1539  683  
1528  684  
1517  685  
1506  685  

