1417  1173  
1435  1154  
1818  737  
1810  734  
1799  733  
1792  735  
1784  735  
1774  735  
1758  735  
1746  734  
1731  733  
1715  732  
1696  731  
1662  730  
1638  730  
1612  730  
1584  730  
1555  732  
1524  734  
1474  738  
1440  743  
1410  750  
1384  758  
1365  768  
1346  782  
1339  791  
1336  800  
1337  810  
1342  820  
1357  834  
1372  843  
1390  853  
1412  862  
1438  871  
1469  879  
1507  892  
1524  903  
1538  917  
1548  936  
1558  957  
1574  992  
1582  1013  
1587  1028  
1587  1040  
1583  1051  
1568  1067  
1552  1077  
1529  1086  
1498  1094  
1459  1101  
1415  1107  
1350  1114  
1305  1116  
1256  1117  
1207  1116  
1159  1113  
1079  1107  
1029  1103  
983  1097  
938  1090  
892  1079  
833  1055  
800  1035  
762  1019  
725  1003  
705  982  
700  957  
725  913  
757  888  
794  868  
828  853  
855  844  
902  840  
2124  932  
2122  931  
2121  931  
2119  931  
2117  931  
2112  931  
2103  930  
2094  930  
1894  954  
1871  956  
1810  962  
1769  963  
1740  964  
1719  963  
1696  960  
1657  947  
1630  934  
1606  916  
1589  897  
1580  881  
1575  863  
1574  852  
1576  842  
1578  832  
1579  822  
1581  813  
1582  800  
1581  795  
1581  793  
1580  792  
1580  794  
1578  802  
1576  811  
1573  821  
1570  832  
1567  844  
1561  862  
1558  875  
1554  889  
1551  908  

