1540  635  
1538  656  
1528  676  
1497  703  
1465  719  
1426  731  
1383  739  
1339  744  
1293  748  
1220  754  
1169  757  
1112  758  
1058  755  
1014  745  
968  723  
948  702  
935  680  
930  655  
933  631  
954  595  
976  577  
1003  566  
1035  557  
1052  554  
1278  509  
1281  507  
1285  506  
1285  505  
1283  500  
1281  497  
1277  492  
1270  487  
1260  483  
1240  482  
1227  485  
1215  491  
1205  497  
1200  502  
1199  508  
1202  511  
1208  514  
1217  518  
1228  523  
1239  529  
1252  540  
1257  548  
1259  554  
1259  560  
1257  564  
1249  568  
1242  571  
1234  574  
1230  575  
1539  311  
1537  307  
1535  309  
1537  311  
1538  315  
1540  319  
1542  328  
1544  338  
1545  351  
1548  367  
1553  386  
1567  420  
1579  445  
1593  471  
1606  498  
1617  525  
1633  565  
1642  593  
1661  648  
1669  677  
1675  706  
1681  753  
1683  783  
1683  809  
1678  828  
1667  842  
1627  862  
1587  878  
1550  897  
1517  915  
1473  927  
1399  933  
1361  931  
1314  925  

