1359  470  
1357  476  
1359  483  
1365  490  
1373  496  
1387  500  
1396  500  
1405  498  
1412  493  
1418  487  
1423  479  
1424  476  
1425  475  
1425  474  
1425  474  
1425  476  
1425  479  
1425  486  
1426  494  
1427  502  
1430  512  
1436  526  
1441  535  
1446  544  
1450  552  
1454  558  
1458  565  
1459  569  
1458  571  
1456  574  
1451  576  
1438  577  
1425  577  
1410  578  
1392  578  
1373  578  
1352  578  
1319  579  
1295  580  
1272  581  
1248  582  
1225  582  
1194  580  
1177  575  
1162  568  
1151  556  
1144  541  
1142  524  
1142  501  
1145  485  
1150  470  
1155  458  
1162  448  
1175  435  
1186  428  
1199  425  
1213  426  
1227  429  
1246  438  
1257  446  
1264  453  
1269  460  
1272  465  
1274  468  
1275  468  
1277  465  
1283  457  
1391  396  
1391  400  
1390  400  
1390  400  
1389  400  
1389  400  
1387  400  
1387  401  
1730  541  
1730  535  
1730  531  
1730  525  
1729  520  

