1689  785  
1672  785  
1652  786  
1629  788  
1605  790  
1566  795  
1539  798  
1510  800  
1477  803  
1441  804  
1395  803  
1370  801  
1351  797  
1333  792  
1317  787  
1304  780  
1289  770  
1282  762  
1278  755  
1275  747  
1274  740  
1275  728  
1277  718  
1281  708  
1286  698  
1292  690  
1303  683  
1312  680  
1322  678  
1332  678  
1344  681  
1356  685  
1375  699  
1388  711  
1403  725  
1420  743  
1439  765  
1468  801  
1487  824  
1503  845  
1517  865  
1527  888  
1532  922  
1535  980  
1533  1012  
1523  1036  
1502  1056  
1468  1075  
1400  1098  
1408  363  
1409  362  

