1253  740  
1518  706  
1524  704  
1528  711  
1526  711  
1530  885  
1528  883  
1529  885  
1531  888  
1533  892  
1539  901  
1545  909  
1552  919  
1559  931  
1564  943  
1566  963  
1561  979  
1549  995  
1531  1007  
1502  1018  
1455  1029  
1370  1048  
1305  1061  
1232  1072  
1159  1082  
1089  1090  
1000  1099  
950  1100  
910  1095  
880  1085  
861  1071  
850  1049  
849  1033  
855  1016  
868  995  
894  972  
931  952  
981  937  
989  933  
1150  945  
1145  934  
1142  914  
1142  900  
1145  888  
1151  878  
1159  870  
1173  864  
1181  863  
1187  866  
1192  873  
1198  880  
1205  890  
1220  905  
1234  909  
1253  904  
1272  891  
1289  876  
1311  855  
1324  848  
1333  843  
1714  800  
1714  797  
1717  798  
1720  802  
1724  808  
1730  817  
1741  833  
1748  844  
1754  856  
1758  867  
1759  876  
1756  885  
1743  897  
1729  906  
1703  915  
1679  921  
1393  966  
1333  973  
1254  974  
1171  967  
1132  957  
1091  940  
1061  919  
1049  893  
1046  870  
1059  841  
1083  824  
1117  809  
1153  795  
1168  787  
1802  790  
1807  786  
1819  789  
1830  795  
1850  807  
1863  815  
1875  823  
1880  827  
1836  903  
1775  920  
1736  930  
1699  938  
1394  982  
1346  990  
1281  992  
1192  982  
1156  972  
1120  960  
1088  946  
1066  927  
1052  894  
1052  875  
1059  860  
1072  847  
1096  837  
1138  825  
1166  820  
1192  815  
1213  814  

