1277  491  
1274  484  
1274  481  
1273  481  
1273  495  
1274  513  
1276  537  
1276  560  
1278  580  
1279  596  
1282  602  
1363  572  
1362  570  
1360  568  
1356  566  
1352  565  
1216  831  
1210  828  
1205  823  
1201  816  
1198  805  
1196  791  
1196  774  
1196  744  
1201  725  
1209  706  
1220  689  
1234  678  
1257  673  
1297  687  
1317  706  
1333  728  
1344  750  
1349  779  
1345  792  
1334  800  
1314  806  
1284  810  
1222  817  
1179  823  
1136  829  
1099  833  
1076  833  
1173  442  
1169  432  
1165  425  
1163  424  
1161  424  
1159  426  
1159  432  
1160  451  
1164  469  
1169  493  
1177  523  
1185  561  
1194  599  
1206  646  
1214  670  

