1245  772  
1243  764  
1241  752  
1238  739  
1236  727  
1232  707  
1231  695  
1231  685  
1234  677  
1238  673  
1245  670  
1252  672  
1260  677  
1270  685  
1283  694  
1297  703  
1321  717  
1339  724  
1359  730  
1379  733  
1402  734  
1444  730  
1473  723  
1501  715  
1525  706  
1548  696  
1580  683  
1602  675  
1623  668  
1642  662  
1660  656  
1676  652  
1695  647  
1705  646  
1711  646  
1712  647  
1712  649  
1706  654  
1700  658  
1692  663  
1680  669  
1666  676  
1650  683  
1623  693  
1604  701  
1583  709  
1561  718  
1538  727  
1502  743  
1476  756  
1449  769  
1422  783  
1397  796  
1368  814  
1352  825  
1338  835  
1322  846  
1302  859  
1278  879  
1235  934  
1216  974  
1205  1006  
1198  1032  
1191  1058  
1183  1102  
1179  1134  
1179  1166  
1183  1194  
1191  1217  
1212  1241  
1235  1249  
1265  1250  
1299  1246  
1338  1235  
1385  1219  
1468  1192  
1523  1176  
1571  1163  
1613  1154  
1649  1151  
1689  1154  
1707  1160  

