1231  678  
1212  689  
1200  697  
1190  706  
1182  714  
1174  720  
1168  726  
1160  733  
1156  736  
1154  738  
1152  739  
1152  739  
1151  740  
1151  740  
1150  740  
1151  738  
1155  733  
1551  780  
1542  767  
1536  757  
1530  751  
1523  746  
1515  743  
1500  744  
1487  749  
1472  757  
1456  768  
1440  779  
1422  797  
1414  809  
1410  821  
1409  832  
1410  843  
1419  859  
1428  868  
1443  876  
1463  883  
1482  889  
1496  893  
1512  896  
1521  897  
1527  897  
1532  896  
1535  896  
1535  895  
1533  895  
1529  895  
1522  898  
1512  901  
1489  908  
1463  912  
1431  915  
1400  917  
1373  917  
1344  917  
1269  924  
1215  938  
1174  948  
1469  686  
1473  682  
1475  683  
1477  684  
1478  682  
1524  837  
1534  825  
1537  811  
1541  800  
1542  790  
1543  780  
1539  767  
1532  755  
1513  738  
1495  730  
1474  724  
1388  724  
1367  731  
1346  743  
1328  759  
1312  778  
1302  797  
1299  822  
1305  837  
1316  854  
1332  872  
1348  894  
1369  927  
1384  941  
1401  949  
1418  953  
1436  953  
1460  950  
1468  945  
1470  940  
1468  934  
1460  928  
1447  925  
1421  927  
1402  930  
1381  936  
1357  943  
1319  950  
1232  956  
1189  951  
1174  944  
1224  786  
1226  789  
1231  791  
1238  792  
1249  793  
1272  796  
1289  798  
1306  798  
1323  798  
1338  797  
1362  789  
1376  779  
1389  768  
1400  754  
1407  741  
1408  729  
1402  713  
1394  702  
1382  692  
1368  684  
1352  679  
1325  675  
1306  676  
1285  679  
1264  684  
1242  695  
1209  719  
1189  737  
1172  756  
1159  776  
1150  796  
1146  813  
1146  834  
1152  845  
1162  854  
1175  861  
1189  865  
1218  866  
1247  865  
1278  865  

