1207  72  
1184  76  
1160  83  
1139  93  
1123  106  
1112  130  
1113  147  
1122  164  
1138  182  
1163  199  
1197  212  
1258  222  
1298  224  
1332  224  
1357  222  
1373  221  
1384  221  
1385  221  
1381  222  
1372  223  
1354  224  
1328  225  
1274  228  
1231  229  
1187  230  
1142  231  
1101  234  
1054  239  
1034  242  
1022  246  
1016  248  
1014  249  
1015  251  
1019  254  
1023  256  
1799  499  
1792  494  
1793  495  
1795  498  
1799  504  
1807  517  
1814  528  
1824  543  
1834  559  
1844  577  
1855  599  
1869  635  
1877  661  
1883  689  
1886  719  
1884  751  
1872  799  
1856  827  
1830  853  
1797  878  

