1491  564  
1474  568  
1449  573  
1432  577  
1414  581  
1396  586  
1376  592  
1345  604  
1324  612  
1304  622  
1284  633  
1267  645  
1247  666  
1236  682  
1229  701  
1223  720  
1221  741  
1220  762  
1224  792  
1229  809  
1237  824  
1248  836  
1264  849  
1296  874  
1320  896  
1341  919  
1358  936  
1375  947  
1395  953  
1432  956  
1462  955  
1488  951  
1507  943  
1522  934  
1538  918  
1546  910  
1551  904  
1554  900  
1554  899  
1555  899  
1555  898  
1070  679  
1076  679  
1088  681  
1102  683  
1118  685  
1150  686  
1174  684  
1197  681  
1220  678  
1245  674  
1281  669  
1304  665  
1327  662  
1348  659  
1366  656  
1381  654  
1397  652  
1404  652  
1406  652  
1406  652  
1405  653  
1397  657  
1387  662  
1374  667  
1358  672  
1338  679  
1304  690  
1279  700  
1252  711  
1226  724  
1198  741  
1171  761  
1127  793  
1096  813  
1068  831  
1048  848  
1034  866  
1023  901  
1020  935  
1020  971  
1023  1002  
1031  1027  
1052  1062  
1075  1084  
1104  1106  
1135  1129  
1170  1150  
1207  1168  
1268  1185  
1312  1190  
1357  1189  
1404  1184  
1450  1174  
1517  1152  
1554  1135  
1585  1118  

