1269  1039  
1218  1030  
1173  1014  
1131  994  
1085  969  
1035  920  
1014  885  
999  856  
988  831  
986  809  
1015  773  
1061  752  
1089  744  
1428  1394  
1438  1383  
1446  1372  
1453  1365  
1435  735  
1440  732  
1443  731  
1447  731  
1450  736  
1452  748  
1452  761  
1452  775  
1449  787  
1447  797  
1439  806  
1431  809  
1422  808  
1413  804  
1405  797  
1397  787  
1388  773  
1387  765  
1386  762  
1386  761  
1387  762  
1388  771  
1389  780  
1387  788  
1384  795  
1379  800  
1371  804  
1364  802  
1356  796  
1345  787  
1335  776  
1327  764  
1318  748  
1316  741  
1315  737  
1314  736  
1314  736  
1317  743  
1322  756  
1330  775  
1338  796  
1347  817  
1356  849  
1357  873  
1351  904  
1328  941  
1281  972  
1226  987  
1156  981  
1094  964  
1033  934  
978  893  
915  857  
852  815  
837  776  

