1304  864  
1324  863  
1338  862  
1350  859  
1355  858  
1358  857  
1358  857  
1358  857  
1358  857  
1358  857  
1358  857  
1358  856  
1358  856  
1358  856  
1358  856  
1358  856  
1358  857  
1358  857  
1358  858  
1358  859  
1358  860  
1356  861  
1353  863  
1347  864  
1331  865  
1315  865  
1290  865  
1259  867  
1226  871  
1189  879  
1166  884  
1137  887  
1097  887  
1056  882  
1022  874  
973  858  
930  848  
884  842  
844  840  
824  836  
1380  586  
1378  579  
1377  575  
1373  570  
1367  564  
1358  559  
1339  552  
1325  550  
1311  549  
1297  550  
1284  553  
1266  563  
1254  572  
1244  583  
1238  596  
1235  609  
1237  627  
1242  638  
1251  648  
1263  657  
1276  665  
1290  671  
1312  678  
1325  680  
1337  680  
1347  679  
1353  678  
1355  675  
1355  674  
1352  674  
1349  674  
1343  678  
1334  684  
1316  699  
1301  713  
1285  728  
1270  743  
1255  762  
1234  793  
1224  815  
1215  837  
1208  860  
1204  890  
1208  956  
1220  997  
1243  1027  
1273  1046  
1304  1060  
1335  1073  
1388  1086  
1436  1092  
1489  1093  
1540  1092  
1590  1087  
1669  1071  
1714  1052  
1393  518  
1391  511  
1391  507  
1385  498  
1379  491  
1370  484  
1355  479  
1338  476  

