1251  632  
1265  607  
1279  590  
1298  575  
1320  563  
1344  553  
1367  547  
1399  545  
1416  546  
1429  551  
1437  559  
1439  568  
1423  581  
1396  592  
1353  604  
1298  621  
1241  645  
1163  686  
1126  708  
1112  713  
1312  374  
1310  377  
1307  375  
1307  375  
1307  379  
1308  387  
1311  411  
1314  436  
1318  466  
1323  497  
1329  526  
1338  559  
1565  753  
1563  754  
1561  756  
1559  757  
1556  758  
1551  760  
1545  762  
1534  765  
1519  769  
1486  776  
1456  781  
1422  786  
1388  791  
1359  794  
1319  800  
1293  803  
1271  806  
1252  807  
1239  807  
1229  804  
1226  799  
1226  789  
1230  773  
1237  751  
1246  728  
1263  695  
1276  674  
1291  654  
1307  636  
1324  623  
1353  608  
1375  601  
1399  595  
1425  592  
1449  592  
1480  599  
1494  606  
1503  615  
1509  624  
1510  634  
1507  646  
1491  662  

