1344  639  
1345  639  
1347  639  
1348  640  
1350  642  
1350  643  
1350  645  
1349  646  
1348  646  
1348  646  
1347  646  
1347  645  
1346  642  
1347  641  
1532  1287  
1541  1285  
1543  1285  
1359  707  
1358  706  
1356  705  
1354  706  
1353  707  
1351  708  
1349  711  
1347  713  
1345  716  
1341  721  
1338  725  
1336  729  
1335  733  
1334  737  
1333  744  
1332  749  
1332  754  
1332  759  
1332  763  
1333  769  
1333  773  
1335  777  
1335  781  
1336  785  
1338  789  
1339  794  
1341  798  
1342  801  
1344  804  
1344  807  
1345  811  
1346  813  
1346  815  
1347  817  
1347  819  
1348  822  
1348  824  
1348  826  
1348  828  
1347  829  
1347  830  
1345  832  
1344  832  
1341  833  
1339  833  
1335  833  
1329  833  
1325  833  

