1590  836  
1596  830  
1611  823  
1624  820  
1638  820  
1652  823  
1666  829  
1684  838  
1693  844  
1699  849  
1702  853  
1702  857  
1697  860  
1687  860  
1670  859  
1647  858  
1617  858  
1585  860  
1545  866  
1518  871  
1481  874  
1436  876  
1395  876  
1352  873  
1317  872  
1270  875  
1225  883  
1194  894  
1162  911  
1139  919  
1113  925  
1084  927  
1064  929  
1454  793  
1448  780  
1449  773  
1453  764  
1459  757  
1469  751  
1485  744  
1502  737  
1521  732  
1550  731  
1570  735  
1591  743  
1610  756  
1628  773  
1653  801  
1666  820  
1678  836  
1684  850  
1685  862  
1668  876  
1646  884  
1615  890  

