1308  760  
1307  754  
1304  745  
1302  734  
1300  724  
1297  705  
1295  694  
1294  684  
1293  676  
1292  670  
1292  667  
1294  666  
1296  666  
1300  669  
1306  672  
1314  677  
1328  685  
1338  692  
1351  700  
1365  710  
1380  719  
1407  734  
1428  744  
1452  754  
1476  763  
1500  770  
1524  776  
1558  783  
1578  786  
1598  787  
1617  787  
1636  787  
1661  786  
1676  784  
1689  782  
1701  780  
1711  777  
1722  773  
1726  771  
1728  769  
1728  767  
1727  767  
1723  766  
1714  767  
1706  769  
1696  773  
1683  777  
1667  782  
1639  789  
1618  795  
1594  803  
1569  810  
1542  819  
1492  831  
1449  837  
1404  842  
1365  843  
1327  843  
1277  845  
1200  858  
1157  869  
1103  876  
1049  878  
1008  875  
939  870  
880  873  
837  882  
808  893  
775  901  
718  909  
701  908  
1168  562  
1169  560  
1172  559  
1177  559  
1184  558  
1199  558  
1212  558  
1228  559  
1246  559  
1264  559  
1294  559  
1315  559  
1337  558  
1360  557  
1385  557  
1410  556  
1447  554  
1471  553  
1493  552  
1513  551  
1528  549  
1545  548  
1551  548  
1553  548  
1553  548  
1552  548  
1545  550  
1535  553  
1521  557  
1506  561  

