1131  863  
1146  884  
1166  922  
1178  947  
1191  969  
1207  986  
1228  994  
1272  989  
1304  967  
1334  926  
1352  880  
1361  845  
1371  811  
1396  762  
1418  740  
1430  734  
1290  772  
1289  766  
1288  760  
1285  750  
1283  734  
1281  702  
1281  680  
1284  662  
1288  643  
1294  628  
1307  613  
1320  603  
1336  593  
1352  587  
1370  587  
1399  600  
1422  613  
1446  631  
1471  655  
1494  683  
1511  715  
1523  764  
1523  792  
1515  812  
1504  823  
1490  828  
1464  827  
1447  819  
1434  806  
1424  789  
1418  771  
1416  749  
1421  737  
1431  728  
1444  723  
1458  723  
1472  728  
1491  742  
1499  756  
1505  771  
1508  785  
1508  796  
1499  811  
1485  819  
1465  826  
1439  832  
1411  836  
1365  835  
1331  831  
1286  828  
1240  827  
1204  829  
1173  832  
1125  836  

