1504  803  
1500  812  
1495  816  
1489  817  
1480  816  
1471  812  
1464  807  
1455  795  
1451  787  
1449  780  
1447  776  
1447  774  
1446  774  
1444  778  
1441  786  
1436  797  
1426  809  
1398  823  
1373  829  
1344  832  
1301  833  
1239  841  
1176  852  
1103  861  
1596  1383  
1604  1384  
1605  1384  
1507  768  
1507  762  
1507  761  
1507  761  
1508  762  
1510  766  
1513  773  
1516  787  
1517  797  
1515  806  
1511  813  
1505  818  
1497  819  
1490  816  
1481  810  
1472  802  
1466  794  
1460  784  
1460  781  
1460  781  
1460  783  
1461  788  
1462  794  
1463  804  
1461  810  
1457  813  
1452  814  
1445  814  
1432  809  
1423  803  
1415  795  
1409  788  
1405  782  
1403  777  
1403  776  
1404  776  
1406  778  
1411  784  
1419  795  
1434  819  
1445  837  
1455  858  
1463  882  
1466  907  
1458  950  
1443  977  
1422  1000  
1397  1017  
1369  1031  
1318  1041  

