1343  893  
1328  899  
1298  905  
1278  905  
1256  901  
1236  893  
1223  883  
1216  874  
1209  863  
1206  856  
1204  851  
1202  847  
1202  845  
1202  843  
1202  843  
1202  844  
1203  848  
1204  856  
1204  868  
1205  896  
1207  928  
1208  962  
1210  991  
1209  1014  
1199  1039  
1188  1052  
1173  1063  
1150  1070  
1118  1074  
1060  1071  
1026  1064  
1000  1054  
981  1043  
967  1030  
955  1012  
943  972  
942  937  
949  901  
961  875  
974  859  
992  847  
1004  841  
1018  839  
1034  839  
1048  841  
1067  846  
1079  851  
1090  856  
1099  860  
1105  863  
1108  864  
1108  864  
1108  863  
1108  862  
1108  859  
1416  1239  
1417  1240  
1256  930  
1252  927  
1248  917  
1247  898  
1247  884  
1250  868  
1255  851  
1263  836  
1275  813  
1284  796  
1294  779  
1306  762  
1318  749  
1329  742  
1346  739  
1357  744  
1367  756  
1375  773  
1380  791  
1382  819  
1379  834  
1373  845  
1364  854  
1352  859  
1322  861  
1291  861  

