1803  654  
1788  650  
1769  641  
1759  632  
1749  623  
1740  614  
1729  604  
1718  593  
1703  578  
1694  570  
1687  564  
1679  559  
1671  557  
1659  556  
1650  559  
1641  564  
1634  570  
1628  578  
1621  591  
1619  602  
1619  612  
1623  622  
1631  630  
1643  639  
1668  650  
1686  654  
1702  654  
1714  652  
1723  647  
1734  634  
1737  625  
1737  616  
1735  606  
1731  596  
1722  581  
1716  574  
1710  568  
1703  565  
1696  562  
1688  561  
1677  560  
1670  560  
1665  562  
1659  565  
1654  570  
1645  581  
1639  591  
1634  603  
1626  613  
1617  621  
1597  631  
1577  636  
1554  640  
1526  644  
1493  648  

