1519  619  
1497  644  
1471  664  
1431  687  
1382  713  
1329  741  
1274  766  
1186  802  
1109  821  
1025  826  
953  819  
901  802  
873  763  
878  732  
901  700  
939  668  
992  646  
1072  645  
1111  661  
1138  679  
1157  699  
1163  709  
1773  1248  
1762  1236  
1753  1225  
1751  1221  
2144  1365  
2145  1367  
2146  1370  
2146  1371  
2147  1371  
2148  1371  
2148  1363  
2147  1359  
2146  1357  
2145  1354  
2143  1347  
2141  1334  
2141  1328  
2141  1325  
2141  1324  
2141  1323  
2084  1253  
2023  1227  
2019  1226  
2020  1233  
2012  1247  
2150  1315  
2144  1318  
2142  1320  
1794  1365  
1799  1366  
1799  1366  
1799  1366  
1844  1381  
1878  1391  
1886  1394  
1897  1404  
1908  1404  
1925  1401  
1936  1397  
1946  1394  
1952  1392  
1960  1394  
1969  1397  
1669  712  
1672  714  
1672  717  
1674  723  
1675  731  
1675  748  
1675  763  
1675  778  
1674  793  
1672  807  
1669  823  
1663  831  

