1338  410  
1463  401  
1464  407  
1461  412  
1458  413  
953  843  
947  841  
943  841  
941  842  
938  847  
929  862  
927  872  
931  878  
939  883  
950  887  
961  887  
971  881  
988  866  
998  852  
1010  836  
1027  817  
1048  795  
1085  759  
1109  738  
1129  721  
1144  709  
1156  702  
1167  702  
1174  710  
1179  726  
1185  750  
1191  778  
1198  804  
1213  834  
1230  848  
1257  859  
1291  867  
1325  871  
1365  867  
1393  853  
1430  832  
1473  800  
1517  757  
1577  693  
1619  656  
1638  638  
1471  713  
1471  714  
1469  714  
1465  713  
1460  710  
1455  706  
1450  701  
1446  693  
1445  680  
1447  670  
1451  660  
1458  649  
1466  640  
1478  634  
1486  633  
1493  635  
1499  638  
1503  644  
1506  659  
1507  672  
1504  687  
1497  705  
1487  726  
1474  748  
1444  783  
1421  802  
1398  814  
1379  820  
1362  822  
1339  817  
1321  807  
1305  791  
1291  769  
1280  744  
1267  712  
1258  697  
1251  688  
1246  684  
1242  682  
1239  683  
1233  694  
1226  708  
1217  724  
1206  740  
1193  756  
1171  780  

