1592  869  
1604  866  
1617  861  
1629  857  
1643  853  
1650  851  
1654  851  
1657  851  
1646  844  
1645  843  
1643  845  
1640  847  
1639  850  
1640  854  
1644  859  
1652  865  
1669  880  
1684  894  
1697  910  
1706  927  
1712  942  
1711  961  
1702  976  
1680  990  
1644  1000  
1601  1006  
1564  1007  
1516  1009  
1470  1013  
1419  1019  
1377  1026  
1337  1032  
1263  1036  
1216  1033  
1179  1028  
1147  1022  
1116  1013  
1074  993  
1056  977  
1045  958  
1039  938  
1037  915  
1038  894  
1047  872  
1057  861  
1071  850  
1090  841  
1110  836  
1136  834  
1150  835  
1162  838  
1171  841  
1177  845  
1183  850  
1186  854  
1189  852  
1282  824  
1280  822  
1282  823  
1282  817  
1283  810  
1285  801  
1288  787  
1292  771  
1297  753  
1304  732  
1308  723  
1312  717  

