1718  474  
1724  517  
1729  562  
1734  611  
1738  662  
1739  718  
1739  804  
1739  848  
1737  884  
1731  924  
1717  967  
1667  1012  
1618  1025  
1571  1029  
1531  1029  
1509  1028  
2032  650  
2027  651  
2023  652  
2017  653  
2010  655  
2001  657  
1988  660  
1960  664  
1935  667  
1905  670  
1871  672  
1833  673  
1771  672  
1731  668  
1694  661  
1661  650  
1630  636  
1588  610  
1564  588  
1541  562  
1521  534  
1502  504  
1484  474  
1461  428  
1447  396  
1434  365  
1422  334  
1411  307  
1399  275  
1393  261  
1389  252  
1385  246  
1384  245  
1384  249  
1386  259  
1390  273  
1396  292  
1405  315  
1417  339  
1437  380  
1452  410  
1468  442  
1482  475  

