1234  814  
1244  813  
1719  851  
1719  852  
1727  865  
1730  870  
1736  879  
1739  886  
1741  897  
1741  905  
1741  912  
1738  919  
1732  926  
1725  933  
1720  936  
1562  972  
1511  979  
1466  984  
1423  989  
1388  995  
1357  1003  
1297  1012  
1244  1014  
1202  1012  
1171  1009  
1139  1006  
1084  1003  
1053  1001  
1032  998  
1018  994  
1011  988  
1010  978  
1012  970  
1017  961  
1025  952  
1037  943  
1050  934  
1080  919  
1108  910  
1133  901  
1154  894  
1170  888  
1192  880  
1204  876  
1217  875  
1230  874  
1235  873  
1750  943  
1747  942  
1749  947  
1749  949  
1749  954  
1749  958  
1749  963  
1751  968  
1753  976  
1759  989  
1763  997  
1766  1004  
1769  1011  
1771  1019  
1772  1025  
1770  1034  
1766  1039  
1760  1045  
1752  1050  
1740  1055  
1715  1064  
1693  1069  
1666  1074  
1635  1078  
1601  1081  
1542  1087  
1498  1090  
1450  1095  
1401  1101  
1352  1108  
1305  1116  
1235  1127  
1184  1135  
1131  1142  
1079  1147  
1028  1151  
959  1156  
914  1157  
873  1157  
835  1154  
799  1151  
749  1142  
723  1131  
704  1117  
692  1102  
685  1087  
683  1071  
691  1047  
703  1031  
724  1016  
750  1004  

