1611  1102  
1633  1089  
1656  1074  
1661  1065  
1163  781  
1160  776  
1159  769  
1159  763  
1159  753  
1159  745  
1159  738  
1159  730  
1160  722  
1160  707  
1160  697  
1159  686  
1159  676  
1159  667  
1159  654  
1159  647  
1158  641  
1158  637  
1158  634  
1159  632  
1160  632  
1163  632  
1168  634  
1174  637  
1182  641  
1195  648  
1205  653  
1215  658  
1226  662  
1238  665  
1257  668  
1270  668  
1284  669  
1298  668  
1313  666  
1326  663  
1346  657  
1359  653  
1371  649  
1382  644  
1391  640  
1402  636  
1406  635  
1409  633  
1409  633  
1409  633  
1409  633  
1406  638  
1402  642  
1397  647  
1391  653  
1384  660  
1373  671  
1364  679  
1354  688  
1345  699  
1335  710  
1321  726  
1311  738  
1300  751  
1290  764  
1279  777  
1267  791  
1250  811  
1239  824  
1228  837  
1219  851  
1211  868  
1204  905  
1203  939  
1206  969  
1213  994  
1224  1016  
1248  1038  
1266  1049  
1285  1059  
1303  1068  
1321  1073  
1340  1077  
1371  1076  
1393  1072  
1415  1067  

