1050  869  
1043  871  
1039  872  
1038  872  
1036  873  
1036  873  
1036  873  
1036  873  
1036  873  
1035  873  
1035  873  
1035  873  
1035  873  
1035  873  
1035  873  
1039  873  
1045  871  
1528  720  
1528  719  
1522  715  
1512  713  
1497  712  
1466  710  
1441  708  
1414  705  
1389  700  
1369  691  
1353  680  
1339  660  
1334  645  
1334  628  
1336  612  
1342  597  
1359  579  
1377  571  
1400  564  
1425  561  
1449  560  
1480  566  
1495  574  
1504  584  
1507  597  
1505  610  
1494  625  
1456  652  
1417  675  
1371  704  
1321  740  
1271  780  
1203  840  
1170  885  
1149  939  
1139  990  
1139  1028  
1160  1075  
1188  1101  
1230  1120  
1290  1129  
1368  1124  
1417  1119  
1466  1085  
1485  586  
1483  581  
1484  579  
1484  577  
1484  575  
1482  572  
1478  566  
1475  562  
1472  558  
1467  554  
1462  552  
1453  550  
1447  550  
1441  551  
1435  554  
1428  557  
1422  561  
1413  567  
1409  572  
1404  576  
1399  582  
1395  587  
1392  596  
1391  603  
1391  609  
1392  615  
1394  620  
1398  624  
1404  631  
1410  635  
1416  639  
1424  642  
1433  645  
1446  649  
1455  649  
1463  649  
1472  648  
1478  646  
1487  643  
1492  640  
1496  637  
1499  635  
1501  634  
1503  633  
1504  632  
1504  632  
1504  632  
1504  632  
1504  632  
1504  632  
1503  632  
1503  632  
1503  632  
1502  632  
1502  632  
1501  632  
1501  633  
1500  633  
1500  633  
1500  633  
1499  633  
1499  633  
1499  633  
1499  633  
1498  633  
1498  633  
1498  633  
1498  633  
1497  633  
1497  633  
1496  632  
1496  632  
1496  632  
1496  632  
1495  631  
1495  631  
1495  631  
1494  631  
1494  631  
1494  631  
1494  631  
1493  631  
1493  631  
1493  631  
1493  631  
1493  631  
1495  632  
1496  632  
1505  635  
1503  634  
1505  636  
1504  636  
1504  636  
1504  636  
1504  636  
1504  636  
1504  636  
1504  636  
1504  636  
1504  636  
1504  636  
1504  636  
1504  636  
1504  636  
1504  636  
1504  636  
1503  636  
1503  636  
1503  636  
1503  636  
1503  636  
1503  636  
1503  636  
1503  636  
1503  636  
1503  636  
1503  636  
1503  636  
1503  636  
1503  636  
1503  636  
1502  636  
1502  636  
1502  636  
1501  636  
1501  636  
1501  636  
1500  636  
1499  636  
1499  636  
1499  636  
1498  636  
1498  636  
1498  636  
1498  636  
1498  636  
1497  636  
1497  636  
1496  636  
1496  636  
1495  636  
1494  636  
1492  636  
1490  636  
1489  636  
1487  636  
1486  636  
1484  637  
1481  637  
1479  637  
1476  637  
1473  637  
1470  637  
1466  637  
1461  637  
1458  637  
1455  637  
1451  637  
1447  637  
1440  637  
1435  637  
1430  637  
1425  638  
1420  638  
1411  638  
1404  638  
1396  639  
1387  639  
1377  639  
1368  640  
1353  640  
1343  641  
1332  643  
1320  644  
1308  647  
1289  653  
1275  659  
1260  665  
1245  671  

