1438  422  
1458  413  
1480  409  
1499  410  
1512  416  
1520  436  
1516  455  
1504  479  
1483  509  
1448  545  
1366  613  
1294  667  
1210  736  
1110  812  
1025  886  
941  1027  
917  1102  
936  1173  
990  1235  
1081  1279  
1139  1296  
1449  303  
1455  298  
1456  303  
1452  306  
1458  681  
1456  672  
1454  668  
1452  663  
1448  658  
1443  652  
1429  644  
1417  641  
1405  639  
1393  638  
1381  641  
1361  652  
1348  663  
1337  676  
1329  692  
1326  711  
1328  728  
1341  754  
1356  770  
1376  784  
1400  794  
1427  800  
1468  802  
1491  800  
1508  798  
1520  796  
1527  795  
1529  794  
1527  794  
1520  794  
1509  795  
1494  796  
1473  797  

