1093  634  
1112  630  
1360  639  
1361  642  
1361  641  
1357  642  
1356  644  
1795  582  
1796  575  
1800  573  
1801  572  
1801  571  
1801  570  
1801  570  
1801  569  
1801  569  
1801  570  
1801  572  
1801  576  
1801  581  
1801  589  
1802  598  
1804  614  
1806  625  
1806  636  
1807  648  
1807  659  
1808  669  
1809  680  
1809  686  
1809  690  
1809  692  
1809  693  
1809  693  
1810  693  
1811  696  
1812  694  
1807  570  
1805  567  
1807  568  
1806  568  
1806  568  
1806  568  
1806  570  
1806  572  
1805  577  
1804  584  
1804  594  
1803  611  
1804  621  
1805  631  
1808  640  
1811  651  
1816  666  
1820  675  
1821  684  
1821  692  
1821  701  
1819  709  
1813  720  
1808  726  
1798  733  
1784  739  
1767  744  
1737  751  
1714  754  
1691  757  
1668  758  
1642  761  
1599  764  
1570  767  
1542  769  
1515  770  
1491  772  
1469  773  
1440  771  
1429  766  
1426  759  
1600  499  
1599  498  
1599  497  
1599  494  
1600  491  

