1450  922  
1417  956  
1677  740  
1677  741  
1676  745  
1672  748  
1667  752  
1661  756  
1647  760  
1634  764  
1619  768  
1600  773  
1579  778  
1546  787  
1520  794  
1492  800  
1462  805  
1432  809  
1394  811  
1375  811  
1360  809  
1349  806  
1341  801  
1335  794  
1331  780  
1330  768  
1331  752  
1335  736  
1340  720  
1349  699  
1357  688  
1365  680  
1374  675  
1382  673  
1394  675  
1403  681  
1412  690  
1422  702  
1434  717  
1449  736  
1476  769  
1494  792  
1512  812  

