1033  871  
1000  866  
979  862  
1921  842  
1922  843  
1921  843  
1918  843  
1913  844  
1906  845  
1897  847  
1879  850  
1864  853  
1845  855  
1819  857  
1788  859  
1745  860  
1719  861  
1688  861  
1643  863  
1591  873  
1534  897  
1504  916  
1468  934  
1433  951  
1408  970  
1389  991  
1369  1023  
1358  1044  
1346  1065  
1334  1087  
1323  1110  
1307  1146  
1297  1168  
1287  1187  
1278  1202  
1269  1212  
1258  1218  
1252  1216  
1245  1208  
1240  1198  
1236  1184  
1232  1166  
1228  1135  
1225  1111  
1221  1086  
1216  1064  
1209  1043  
1195  1017  
1185  1000  
1174  983  
1163  969  
1148  959  
1128  953  
1083  952  
1051  956  
1025  964  
998  977  
960  995  
878  1018  
835  1028  
795  1038  
743  1052  
716  1062  
1667  761  
1659  769  
1657  775  
1657  781  
1660  788  
1664  796  
1674  810  
1681  819  
1689  828  
1698  838  
1707  849  
1719  866  
1725  877  
1731  888  
1736  899  
1740  909  
1743  914  
1913  762  
1903  760  
1894  759  
1885  759  
1874  758  
1861  757  
1833  758  
1810  760  
1783  762  
1755  762  
1727  763  
1687  763  
1661  765  
1636  767  
1612  769  
1590  773  
1562  780  
1548  784  
1536  790  
1527  796  
1520  803  
1516  812  
1514  826  
1514  836  
1515  847  
1516  859  
1516  872  
1515  895  
1515  914  
1515  936  
1515  959  
1515  982  
1516  1013  
1517  1030  
1517  1045  

