1256  863  
1228  863  
1209  860  
1198  852  
1188  836  
1184  826  
1183  819  
1183  816  
1182  815  
1176  823  
1163  834  
1140  848  
1100  862  
1049  873  
977  880  
910  887  
849  884  
1707  1299  
1700  1299  
1283  669  
1285  670  
1283  669  
1278  668  
1274  663  
1403  1409  
1407  1409  
1409  1409  
1212  950  
1211  950  
1207  940  
1205  918  
1205  896  
1207  875  
1212  857  
1219  841  
1234  820  
1246  807  
1258  797  
1270  790  
1281  788  
1293  791  
1309  805  
1317  817  
1323  830  
1325  840  
1319  850  
1291  861  
1259  868  
1225  875  
1201  878  
1186  876  
1174  864  
1169  850  
1165  838  
1162  830  
1160  825  
1159  822  
1161  822  
1165  828  
1172  839  
1179  857  
1186  885  
1194  956  
1196  998  
1193  1025  
1180  1044  
1154  1057  
1078  1065  

