1404  750  
1399  757  
1389  762  
1381  761  
1374  757  
1367  748  
1363  738  
1358  721  
1356  711  
1355  705  
1355  703  
1355  703  
1355  713  
1355  723  
1354  733  
1352  743  
1347  750  
1342  755  
1332  755  
1326  749  
1320  740  
1314  729  
1308  718  
1301  703  
1298  697  
1298  695  
1298  695  
1299  699  
1304  720  
1309  743  
1313  770  
1313  796  
1308  818  
1294  835  
1247  862  
1207  882  
1171  900  
1126  908  
1075  902  
1024  877  
1004  854  
989  830  
978  803  
975  765  
991  701  
1015  665  
1032  652  
1291  600  
1286  601  
1284  597  
1283  589  
1282  579  
1281  560  
1282  547  
1285  534  
1289  525  
1293  520  
1301  518  
1307  522  
1314  529  
1321  538  
1326  547  
1331  557  
1332  563  
1566  616  
1565  613  
1559  606  
1559  604  
1559  604  
1560  605  
1562  609  
1564  617  
1564  627  
1562  644  
1559  656  
1554  666  
1547  672  
1537  676  
1521  677  
1511  672  
1502  665  
1494  655  
1487  643  
1480  627  
1476  619  
1474  613  
1473  610  
1472  608  
1472  608  
1472  615  
1470  624  
1467  637  
1463  650  
1456  661  
1442  672  
1430  675  
1419  674  
1408  668  
1398  659  
1390  647  
1383  629  
1382  622  
1382  617  
1383  615  
1385  614  
1386  616  
1389  621  
1392  632  
1395  650  
1398  672  
1401  714  

