1084  836  
1098  805  
1122  782  
1152  760  
1185  745  
1213  739  
1236  741  
1259  757  
1267  772  
1275  785  
1403  1057  
1408  1063  
1408  1064  
1406  1066  
1402  1068  
1754  693  
1754  690  
1754  690  
1754  690  
1754  691  
1754  695  
1756  702  
1761  712  
1770  725  
1783  741  
1807  770  
1824  790  
1840  808  
1852  824  
1858  839  
1859  855  
1848  876  
1829  891  
1803  908  
1773  924  
1745  939  
1694  966  
1633  984  
1574  995  
1537  999  
1502  1001  
1459  1001  
1399  997  
1376  991  
1361  980  
1351  964  
1344  941  
1333  896  
1326  875  
1324  862  
1328  851  
1335  846  
1351  847  
1364  853  
1377  862  
1388  869  
1646  1097  
1646  1098  
1646  1096  
1645  1098  
1641  1104  
1633  1118  
1846  794  
1851  797  
1855  799  
1858  802  
1863  807  
1869  813  
1877  820  
1891  830  
1899  836  
1905  842  
1908  849  

