1346  1101  
1396  1094  
1433  1092  
1467  1091  
1495  1092  
1515  1095  
1528  1100  
1535  1107  
1534  1113  
1534  1117  
1108  666  
1116  665  
1128  666  
1144  667  
1162  668  
1192  671  
1213  671  
1236  671  
1259  668  
1283  665  
1309  662  
1348  658  
1374  655  
1400  652  
1423  649  
1443  648  
1466  646  
1478  646  
1486  646  
1490  647  
1491  649  
1488  652  
1480  656  
1467  661  
1450  665  
1430  670  
1408  676  
1372  688  
1348  697  
1324  709  
1300  722  
1276  737  
1240  765  
1216  787  
1195  809  
1175  831  
1157  856  
1132  900  
1120  934  
1114  965  
1113  992  
1119  1016  
1130  1038  
1154  1069  
1176  1088  
1201  1106  
1228  1121  
1256  1134  
1299  1145  
1328  1146  
1357  1144  
1388  1138  
1421  1129  
1469  1114  
1496  1105  
1518  1098  
1536  1091  
1547  1085  
1555  1082  
1311  771  
1309  767  

