1313  423  
1317  424  
1322  426  
1326  428  
1329  430  
1331  432  
1333  434  
1334  438  
1334  441  
1333  443  
1332  446  
1329  447  
1327  449  
1324  448  
1260  733  
1254  731  
1248  726  
1242  720  
1236  713  
1229  701  
1225  694  
1222  688  
1220  682  
1219  678  
1219  675  
1221  672  
1223  671  
1226  670  
1230  670  
1233  672  
1240  675  
1245  678  
1249  681  
1252  684  
1254  687  
1256  693  
1258  697  
1259  702  
1260  708  
1261  713  
1263  716  
1267  719  
1270  719  
1274  719  
1279  719  
1284  717  
1292  714  
1296  712  
1298  710  
1300  708  
1302  708  
1302  708  
1302  708  
1302  710  
1302  713  
1302  717  
1301  721  
1297  728  
1294  732  
1290  736  
1287  738  
1284  741  
1281  743  
1279  744  
1278  746  
1276  747  
1274  748  
1270  749  
1266  749  
1262  749  
1257  748  
1250  746  
1242  743  
1228  739  
1219  738  
1210  736  
1201  735  
1192  735  
1179  734  
1171  734  
1163  734  
1156  734  
1150  734  
1142  738  
1137  743  
1132  750  
1127  760  
1122  772  
1117  783  
1112  797  
1111  804  
1113  808  
1116  810  
1120  811  
1130  810  
1139  806  
1150  800  
1161  793  
1172  786  
1186  778  
1194  775  
1199  774  
1202  775  
1204  777  
1204  781  
1203  788  
1200  794  
1197  800  
1194  806  
1191  810  
1189  810  
1449  651  
1450  653  
1448  650  
1448  649  
1449  649  
1449  649  
1449  649  
1449  649  
1451  650  
1454  652  
1459  655  
1463  659  
1469  665  
1475  672  
1482  684  
1487  694  

