1585  891  
1564  888  
1550  882  
1535  868  
1527  858  
1524  848  
1526  839  
1533  832  
1550  824  
1565  822  
1581  822  
1597  825  
1612  831  
1628  840  
1630  845  
1625  852  
1610  857  
1589  861  
1567  865  
1531  872  
1495  875  
1441  877  
1388  876  
1341  874  
1239  887  
1183  910  
1141  931  
1472  711  
1458  720  
1444  726  
1431  728  
1418  728  
1405  723  
1387  705  
1379  689  
1374  673  
1374  657  
1374  642  
1380  623  
1387  613  
1395  605  
1406  599  
1419  598  
1437  602  
1467  620  
1485  637  
1500  659  
1510  686  
1515  719  
1514  781  
1508  821  
1497  855  
1480  888  

