1612  446  
1595  437  
1577  432  
1557  431  
1535  434  
1513  440  
1482  456  
1463  469  
1447  484  
1433  501  
1423  520  
1413  551  
1412  573  
1416  595  
1427  616  
1446  635  
1485  663  
1516  680  
1549  698  
1580  715  
1612  731  
1641  746  
1682  768  
1706  781  
1724  793  
1738  805  
1746  816  
1747  833  
1740  845  
1729  856  
1715  866  
1693  875  
1627  897  
1574  922  
1531  944  
1484  958  
1427  967  
1376  974  
1288  978  
1220  969  
1169  955  
1118  939  
1062  917  
998  877  
957  851  
916  830  
887  809  
868  781  
852  728  
851  693  
856  662  
869  636  
887  616  
909  600  
949  581  
1142  1223  
1135  1222  
1140  1208  
1150  1196  
1162  1183  
1174  1171  
1187  1161  
1202  1154  
1223  1153  
1238  1158  
1252  1169  
1265  1182  
1280  1196  
1306  1211  
1325  1214  
1345  1212  
1365  1206  
1385  1196  

