1261  845  
1255  854  
1245  867  
1231  884  
1269  634  
1270  639  
1269  637  
1268  637  
1264  638  
1232  858  
1230  858  
1227  854  
1227  848  
1227  841  
1230  827  
1234  815  
1239  801  
1245  786  
1252  772  
1265  751  
1274  742  
1283  737  
1291  736  
1299  741  
1306  750  
1314  771  
1315  787  
1312  801  
1305  813  
1296  820  
1277  826  
1260  827  
1241  827  
1226  824  
1215  818  
1205  806  
1201  800  
1199  794  
1198  791  
1198  789  
1198  789  
1204  794  
1210  804  
1216  817  
1220  832  
1220  850  
1213  885  
1207  915  
1198  945  
1184  966  
1265  587  
1269  591  
1266  590  
1260  590  
1250  592  
1224  858  
1225  857  
1228  850  
1230  842  
1234  831  
1238  817  
1243  800  
1252  771  
1259  750  
1267  734  
1275  723  
1283  716  
1295  715  
1303  721  
1311  732  
1316  748  
1318  767  
1318  786  
1308  809  
1295  818  
1279  824  
1259  827  
1238  827  
1213  822  
1204  814  
1197  805  
1193  796  
1192  790  
1191  785  

