1268  810  
1272  812  
1279  815  
1297  824  
1313  835  
1329  849  
1342  867  
1351  892  
1351  941  
1342  970  
1320  991  
1285  1005  
1240  1010  
1175  1007  
1122  1001  
1063  989  
1022  968  
994  934  
963  892  
916  848  
905  828  
908  805  
929  767  
946  748  
1354  681  
1353  666  
1353  646  
1353  632  
1355  620  
1359  606  
1367  591  
1391  571  
1412  565  
1432  566  
1450  574  
1464  590  
1474  608  
1479  636  
1481  655  
1479  670  
1543  756  
1534  759  
1523  761  
1513  765  
1500  768  
1471  772  
1449  774  
1428  775  
1410  776  
1393  777  
1379  779  
1364  779  
1356  780  
1349  780  
1344  781  
1342  781  
1341  781  
1341  781  
1341  781  
1341  781  
1342  782  
1344  784  
1350  790  
1356  797  
1363  807  
1370  818  
1377  830  
1383  850  
1384  867  
1380  885  
1373  906  
1362  929  
1324  958  
1273  972  
1219  977  
1182  974  
1152  963  
1120  944  
1073  901  
1056  871  
1048  844  
1046  818  
1048  789  
1067  740  
1092  711  
1108  699  
1413  640  
1412  639  
1410  635  
1407  626  
1406  619  
1408  612  
1412  607  
1419  602  
1430  601  
1436  603  
1443  608  
1448  615  
1452  622  
1456  631  
1457  635  
1458  638  
1459  642  
1460  640  
1562  1282  
1565  1272  
1565  1267  
1441  734  
1438  732  
1438  732  
1438  732  
1438  732  
1438  732  
1438  732  
1438  734  
1439  739  
1441  748  
1443  762  
1445  776  
1444  794  
1440  802  
1435  808  
1429  812  
1420  813  
1406  810  
1397  802  
1390  791  
1386  775  
1384  762  
1383  750  
1383  747  
1382  747  
1382  751  
1382  760  
1382  774  

