1091  837  
1063  838  
1043  839  
1036  837  
1823  1247  
1828  1250  
1744  803  
1729  805  
1715  807  
1702  808  
1686  809  
1657  811  
1634  811  
1607  814  
1578  817  
1548  822  
1495  827  
1452  828  
1408  825  
1372  820  
1342  813  
1312  805  
1274  792  
1256  781  
1244  768  
1238  754  
1237  739  
1246  718  
1257  706  
1273  697  
1290  691  
1308  689  
1333  692  
1347  697  
1358  705  
1365  716  
1369  728  
1369  743  
1367  768  
1364  785  
1360  801  
1357  816  
1355  830  
1354  848  
1357  860  
1361  870  
1368  879  
1377  886  
1396  894  
1411  894  
1426  891  
1440  885  
1451  878  
1460  869  
1465  855  
1463  846  
1456  839  
1444  833  
1428  827  
1396  819  
1372  815  
1346  812  
1315  809  
1280  809  
1220  813  
1180  820  
1133  826  
1080  830  
1031  830  
985  831  
958  829  
1426  744  
1426  744  
1421  748  
1415  751  
1406  755  
1395  758  
1381  761  
1373  761  
1365  760  
1355  756  
1342  745  
1337  734  
1334  720  
1333  705  
1333  688  
1337  673  
1341  649  
1345  634  
1347  621  
1350  609  
1350  597  
1348  579  
1344  569  
1337  560  
1328  551  
1317  542  
1296  532  
1280  530  
1264  530  
1246  532  
1228  537  
1211  544  
1191  556  
1180  566  
1172  577  
1168  588  
1167  599  
1174  613  
1184  619  
1198  622  

