1266  1176  
1298  1167  
1344  1150  
1371  1140  
1396  1132  
1418  1124  
1437  1119  
1446  1110  
1242  512  
1243  512  
1252  511  
1259  515  
1076  812  
1075  814  
1077  816  
1082  817  
1089  819  
1100  820  
1115  820  
1144  819  
1165  816  
1185  813  
1205  809  
1226  805  
1263  800  
1287  797  
1307  794  
1325  791  
1340  789  
1352  787  
1365  784  
1370  783  
1373  783  
1373  782  
1373  782  
1372  783  
1368  784  
1362  786  
1354  788  
1344  791  
1324  796  
1310  800  
1293  806  
1275  813  
1253  820  
1229  829  
1196  847  
1177  864  
1158  884  
1137  910  
1113  940  
1080  986  
1066  1016  
1058  1042  
1057  1069  
1060  1096  
1078  1138  
1098  1164  
1125  1186  
1155  1202  
1189  1212  
1226  1217  
1285  1213  
1325  1203  
1364  1186  
1400  1164  
1434  1140  
1463  1111  
1173  706  
1165  700  
1165  699  
1165  702  
1163  706  
1158  702  
1227  820  
1230  819  
1227  818  
1226  819  
1222  822  
1213  831  
1206  839  
1200  848  
1194  858  
1189  869  
1183  879  
1174  894  
1169  901  
1166  904  
1166  905  
1165  901  
1166  892  
1168  883  
1172  874  
1177  865  
1184  854  
1196  842  
1202  836  
1207  832  
1211  828  
1214  825  
1216  821  
1220  816  
1223  814  
1225  812  
1226  812  
1226  812  
1228  813  
1229  815  
1229  818  
1231  823  
1233  828  
1238  836  
1243  841  
1252  847  
1265  853  
1278  859  
1293  865  
1319  873  
1335  878  
1348  883  
1358  888  
1368  891  
1380  894  
1389  894  
1398  893  
1408  892  
1419  891  
1433  887  
1441  884  
1447  883  
1450  881  
1450  880  
1450  880  
1448  879  

