1536  1265  
1537  1265  
1537  1265  
1538  1265  
1538  1265  
1538  1267  
1538  1267  
1538  1268  
1539  1268  
1539  1269  
1540  1269  
1541  1270  
1542  1270  
1543  1270  
1544  1270  
1545  1271  
1195  1007  
1195  1008  
1197  1012  
1197  1013  
1198  1013  
1199  1011  
1200  1008  
1201  1003  
1202  996  
1203  987  
1203  968  
1203  952  
1203  932  
1205  907  
1210  883  
1225  858  
1240  845  
1255  836  
1268  830  
1278  826  
1288  825  
1302  825  
1311  827  
1319  832  
1325  839  
1329  848  
1329  862  
1323  874  
1310  888  
1293  906  
1273  926  
1240  948  
1221  956  
1206  959  
1195  956  
1185  947  
1177  935  
1166  914  
1159  901  
1151  891  
1143  882  
1135  876  
1131  871  
1130  870  
1131  871  
1136  876  
1145  888  
1160  923  
1169  956  
1176  989  
1180  1020  
1180  1046  
1175  1071  
1159  1110  
1140  1133  
1112  1154  
1076  1173  
1036  1188  
980  1195  
946  1185  
914  1161  
882  1126  
856  1087  
825  1027  
817  974  
827  910  
867  857  
939  824  
979  811  
1197  982  
1196  980  
1196  976  
1196  968  
1194  947  
1192  925  
1192  900  
1196  878  
1203  859  
1219  837  
1232  826  
1247  816  
1260  810  
1270  806  
1283  808  
1290  813  
1298  820  
1304  831  
1308  845  
1305  860  
1283  885  
1257  905  
1229  924  
1207  937  
1190  941  
1166  933  
1151  918  
1139  901  
1130  888  
1124  879  
1115  870  
1110  867  
1107  864  
1106  864  
1106  864  
1108  870  
1120  892  
1131  918  
1143  951  
1154  988  
1161  1022  
1156  1062  
1138  1086  
1102  1109  
1052  1132  
993  1152  
898  1168  
845  1162  
802  1143  
760  1115  
723  1083  
698  1046  
692  952  
729  879  
804  809  
846  772  
1532  1307  
1534  1307  
1536  1307  
1537  1307  
1537  1307  
1538  1307  
1538  1307  
1540  1307  
1211  945  
1211  944  
1211  940  
1212  935  
1213  927  
1215  916  
1217  902  
1222  882  
1226  871  
1232  862  
1240  853  

