1367  532  
1361  532  
1255  815  
1255  814  
1257  814  
1257  811  
1257  804  
1258  795  
1258  781  
1260  758  
1260  731  
1261  691  
1262  670  
1262  653  
1264  639  
1266  629  
1271  622  
1282  620  
1292  622  
1307  628  
1325  638  
1346  653  
1378  678  
1397  694  
1412  710  
1421  722  
1426  734  
1423  750  
1414  759  
1398  767  
1374  774  
1345  780  
1310  784  
1249  793  
1215  800  
1202  799  
1215  360  
1216  362  
1214  361  
1215  365  
1216  371  
1219  382  
1223  400  
1228  422  
1239  465  
1245  500  
1250  541  
1254  579  
1257  608  
1260  628  
1265  643  
1268  642  
1324  490  
1324  486  
1321  485  
1310  486  
1305  487  
1428  1286  
1206  827  
1205  826  
1207  824  
1207  822  
1209  817  
1211  810  
1214  801  
1218  789  
1221  775  
1223  750  
1223  732  
1224  717  
1225  703  
1226  691  
1228  681  
1231  669  
1233  665  
1234  664  
1235  663  
1237  663  
1240  668  
1244  672  
1249  677  
1255  682  
1263  687  
1281  697  
1294  704  
1309  711  
1324  717  
1338  723  
1351  729  
1369  737  
1378  740  
1385  742  
1391  744  
1395  745  
1398  746  
1399  747  
1399  747  
1398  747  
1396  747  
1389  749  
1380  751  
1370  753  
1357  754  
1343  754  
1328  756  
1303  758  
1284  761  
1265  764  
1245  768  

