1517  446  
1585  462  
1582  453  
1575  443  
1570  436  
1563  430  
1555  425  
1546  420  
1535  416  
1516  412  
1505  410  
1494  410  
1483  410  
1468  411  
1445  415  
1432  420  
1421  426  
1412  433  
1405  442  
1396  456  
1394  465  
1394  474  
1396  484  
1399  495  
1404  505  
1412  516  
1420  523  
1430  531  
1440  537  
1450  541  
1466  544  
1477  544  
1488  541  
1500  536  
1513  530  
1530  523  
1540  518  
1548  513  
1555  506  
1563  498  
1570  489  
1580  478  
1584  474  
1587  470  
1590  467  
1593  465  
1596  462  
1596  462  
1597  462  
1597  462  
1597  462  
1597  465  
1597  469  
1596  474  
1595  481  
1594  489  
1595  499  
1598  517  
1601  531  
1604  547  
1608  563  
1613  580  
1620  610  
1625  630  
1631  653  
1635  676  
1639  700  
1642  737  
1643  763  
1643  786  
1639  806  
1633  822  
1623  835  
1598  854  
1578  869  
1559  886  
1539  905  
1513  924  
1453  944  
1409  953  
1373  962  
1325  968  
1259  968  
1183  955  
1139  942  
1084  923  
1035  896  
995  865  
950  839  
896  800  
872  765  
853  725  
836  686  
823  650  
811  597  
807  562  
808  529  
813  496  
822  466  
835  440  
864  411  
886  399  
910  392  
935  391  
959  392  
995  403  
1017  411  

