1283  733  
1278  725  
1276  719  
1275  715  
1274  714  
1274  713  
1275  715  
1278  719  
1282  726  
1288  738  
1298  762  
1305  780  
1315  800  
1325  819  
1333  838  
1339  867  
1335  893  
1321  928  
1292  962  
1251  985  
1212  998  
1164  1001  
1129  995  
1091  982  
1059  961  
1038  932  
1019  879  
1015  843  
1028  795  
1064  731  
1119  665  
1187  614  
1565  1387  
1434  888  
1432  886  
1433  884  
1432  879  
1432  871  
1436  854  
1444  840  
1455  825  
1468  811  
1480  799  
1499  784  
1509  777  
1519  773  
1528  773  
1537  780  
1545  795  
1547  808  
1548  823  
1544  836  
1536  850  
1524  862  
1502  875  
1482  880  
1457  881  
1432  878  
1410  871  
1386  853  
1377  841  
1373  832  
1370  825  
1369  821  
1368  820  
1368  820  
1368  823  
1370  829  
1372  839  
1373  850  
1372  868  
1367  876  
1357  881  
1336  883  
1289  885  
1202  895  
1161  903  
1122  909  
1090  910  
1080  908  
1512  1350  
1382  919  
1380  919  
1382  921  
1382  921  
1381  918  
1379  912  
1378  900  
1377  886  
1376  871  
1376  849  
1380  837  
1385  829  
1392  823  
1399  818  
1410  817  
1417  819  
1423  824  
1429  830  
1433  837  
1435  846  
1429  858  
1422  866  
1413  872  
1402  876  
1391  879  
1376  879  
1368  877  
1362  873  
1355  867  
1349  861  
1340  850  
1335  844  
1333  840  
1332  838  
1332  837  

