1155  792  
1141  804  
1129  813  
1119  819  
1109  822  
1106  822  
1105  821  
1104  821  
1104  821  
1104  821  
1113  819  
1120  819  
1713  695  
1712  692  
1713  695  
1711  695  
1708  695  
1704  696  
1695  698  
1689  700  
1680  701  
1669  703  
1656  704  
1641  705  
1620  708  
1607  710  
1593  712  
1576  712  
1556  713  
1527  713  
1510  713  
1496  712  
1482  709  
1468  705  
1448  695  
1437  687  
1430  678  
1427  667  
1426  654  
1426  640  
1429  623  
1430  614  
1431  606  
1434  599  
1437  594  
1442  591  
1446  592  
1452  595  
1459  600  
1469  608  
1487  620  
1501  629  
1514  639  
1529  650  
1542  661  
1553  669  
1564  678  
1569  683  
1571  686  
1572  687  
1571  689  
1565  692  
1557  693  
1544  693  
1527  694  
1506  694  
1468  694  
1439  697  
1409  699  
1379  702  
1350  705  
1323  709  
1283  716  
1253  721  
1218  727  
1180  733  
1145  738  
1077  742  
1361  530  
1359  528  
1360  529  
1360  528  
1360  528  
1361  527  
1361  526  
1365  523  
1367  520  

