1576  841  
1574  847  
1570  853  
1564  861  
1559  865  
1555  869  
1550  870  
1547  871  
1544  867  
1542  863  
1542  858  
1541  853  
1541  849  
1543  846  
1544  844  
1545  843  
1544  844  
1543  848  
1540  852  
1537  858  
1533  860  
1530  862  
1526  862  
1521  860  
1516  856  
1514  852  
1513  850  
1512  847  
1512  845  
1512  844  
1512  844  
1512  846  
1510  849  
1506  855  
1500  861  
1481  870  
1459  874  
1432  877  
1402  877  
1373  873  
1312  863  
1246  864  
1124  878  
1054  877  
994  869  
892  865  
838  873  
807  881  
786  880  
1964  1304  
1952  1296  
1942  1289  
1935  1285  
1926  1279  
1924  1278  
1677  669  
1676  669  
1676  669  
1676  670  
1677  672  
1678  675  
1680  684  
1682  692  
1685  705  
1688  720  
1689  734  
1688  752  
1685  763  
1681  771  
1676  777  
1668  782  
1658  785  
1652  782  
1646  775  
1640  764  
1635  749  
1630  734  
1626  713  
1624  702  
1622  696  
1621  693  
1621  691  
1621  690  
1621  692  
1622  695  
1623  703  
1625  712  
1627  724  
1628  742  

