1466  667  
1469  669  
1471  673  
1475  681  
1478  687  
1480  696  
1483  706  
1487  716  
1491  728  
1496  746  
1496  758  
1495  769  
1489  779  
1480  789  
1459  802  
1441  809  
1423  813  
1404  817  
1387  817  
1366  815  
1354  814  
1345  812  
1338  812  
1332  810  
1333  809  
1608  1265  
1610  1266  
1614  1268  
1614  1269  
1448  735  
1448  730  
1448  729  
1447  728  
1444  727  
1440  727  
1433  727  
1428  728  
1423  730  
1418  733  
1415  736  
1412  745  
1412  756  
1416  768  
1422  780  
1428  792  
1433  803  
1438  818  
1440  828  

