1435  1062  
1453  1057  
1474  1053  
1483  1052  
1490  1051  
1494  1051  
1496  1052  
1497  1052  
1497  1052  
1497  1052  
1497  1053  
1497  1053  
1207  848  
1205  853  
1204  849  
1205  847  
1207  844  
1207  842  
1208  838  
1210  829  
1211  820  
1212  811  
1213  802  
1214  793  
1215  780  
1215  772  
1215  767  
1215  763  
1216  762  
1216  763  
1219  770  
1223  776  
1228  783  
1235  790  
1242  798  
1257  809  
1269  817  
1283  823  
1298  829  
1316  835  
1343  843  
1359  848  
1375  853  
1395  856  
1418  858  
1443  858  
1481  855  
1502  851  
1521  846  
1538  840  
1552  836  
1568  831  
1576  829  
1582  828  
1586  827  
1588  827  
1589  827  
1588  827  
1586  827  
1582  829  
1577  832  
1570  834  
1558  840  
1548  845  
1536  851  
1522  859  
1505  867  
1475  878  
1449  885  
1423  892  
1399  899  
1378  906  
1346  919  
1308  929  
1253  939  
1204  947  
1170  952  
1129  955  
1048  953  
1003  947  
939  929  
1232  588  
1226  589  
1227  590  
1227  588  
1228  583  

