1185  626  
1209  631  
1233  637  
1255  643  
1276  649  
1290  649  
1354  557  
1352  555  
1350  554  
1346  553  
1341  552  
1329  552  
1373  1261  
1383  1259  
1335  851  
1333  850  
1332  848  
1330  844  
1327  833  
1325  822  
1325  807  
1327  791  
1330  773  
1339  748  
1346  734  
1353  724  
1363  717  
1374  711  
1387  707  
1406  706  
1418  708  
1427  714  
1435  721  
1440  730  
1444  749  
1444  762  
1441  776  
1434  788  
1423  797  
1402  807  
1387  811  
1373  813  
1359  814  
1346  813  
1335  809  
1320  799  
1312  789  
1306  779  
1303  771  
1302  766  
1300  763  
1297  764  
1291  768  
1280  773  
1261  779  
1233  786  
1166  802  
1099  815  
1031  822  
978  821  
956  818  
1311  648  
1314  644  
1314  642  
1313  642  
1311  641  
1300  639  
1293  636  
1437  1326  
1448  1326  
1456  1323  
1273  837  
1272  834  
1273  833  
1273  828  
1275  818  
1278  808  
1282  797  
1287  786  
1294  773  
1308  756  
1316  750  
1322  748  
1328  748  
1333  751  
1338  757  
1344  771  
1348  783  
1349  795  
1349  806  
1346  815  
1337  824  
1326  827  
1313  828  
1299  828  
1284  826  
1270  823  
1257  815  
1252  809  
1248  804  
1246  800  
1245  797  
1245  796  
1245  796  
1247  798  
1249  803  
1253  810  
1258  823  
1261  834  

