1249  844  
1259  837  
1272  829  
1280  825  
1287  822  
1295  820  
1302  820  
1312  823  
1317  826  
1323  830  
1329  836  
1333  841  
1336  850  
1337  856  
1337  861  
1335  867  
1332  873  
1326  881  
1311  897  
1298  907  
1285  919  
1269  928  
1250  937  
1225  945  
1211  948  
1200  947  
1191  943  
1181  936  
1164  924  
1152  916  
1141  908  
1131  900  
1122  892  
1115  885  
1108  878  
1106  874  
1105  872  
1105  871  
1105  871  
1108  873  
1114  878  
1122  887  
1130  898  
1137  913  
1147  937  
1151  953  
1154  970  
1156  986  
1157  1001  
1154  1015  
1147  1034  
1139  1046  
1128  1057  
1114  1068  
1095  1079  
1064  1092  
1044  1100  
1025  1104  
1006  1105  
984  1102  
942  1090  
913  1081  
885  1071  
863  1059  
846  1046  
834  1032  
822  1004  
818  978  
818  950  
821  921  
828  893  
844  862  
861  848  
883  839  
904  834  
925  832  
952  834  
966  837  
977  841  
984  843  
986  844  
986  844  
1268  977  
1264  972  
1263  964  
1262  951  
1263  932  
1267  896  
1272  878  
1278  866  
1284  857  
1290  849  
1299  840  
1307  835  
1315  831  
1324  828  
1332  827  
1340  827  
1351  831  
1356  836  
1361  843  
1363  850  
1364  859  
1363  873  
1359  879  
1352  886  

