1304  570  
1322  574  
1342  583  
1365  594  
1388  609  
1413  623  
1446  643  
1464  656  
1478  665  
1486  672  
1488  677  
1482  683  
1470  686  
1450  686  
1424  686  
1394  684  
1345  681  
1311  680  
1280  679  
1252  679  
1231  681  
1215  681  
1201  681  
1198  678  
1303  435  
1305  429  
1308  425  
1308  425  
1309  430  
1312  440  
1315  456  
1317  476  
1319  500  
1217  792  
1214  793  
1214  792  
1214  786  
1212  778  
1207  757  
1204  739  
1201  716  
1198  690  

