1193  785  
1196  788  
1200  796  
1204  810  
1207  825  
1205  854  
1200  879  
1193  910  
1185  942  
1175  966  
1145  984  
1109  984  
1066  974  
1032  949  
1004  909  
955  850  
926  821  
912  788  
912  750  
924  710  
944  674  
993  630  
1279  577  
1272  580  
1268  579  
1266  579  
1655  1252  
1660  1254  
1663  1257  
1417  772  
1417  768  
1413  759  
1413  745  
1414  732  
1415  717  
1418  697  
1422  676  
1432  647  
1439  630  
1445  618  
1451  609  
1457  604  
1465  601  
1480  603  
1494  609  
1509  618  
1526  629  
1544  642  
1571  663  
1586  675  
1597  685  
1603  694  
1607  702  
1607  710  
1604  713  
1596  715  
1579  716  
1553  717  
1513  717  
1423  718  
1358  720  
1298  724  
1245  730  
1200  736  
1158  739  
1147  736  
1149  730  
1411  426  
1405  422  

