1215  621  
1237  615  
1261  607  
1294  596  
1309  591  
1317  586  
1320  584  
1419  856  
1409  860  
1397  862  
1384  864  
1376  864  
1368  865  
1361  866  
1354  867  
1344  869  
1335  869  
1325  871  
1315  872  
1305  873  
1296  875  
1285  877  
1279  878  
1275  880  
1273  880  
1272  880  
1271  880  
1270  880  
1269  877  
1268  874  
1266  869  
1265  858  
1263  850  
1262  841  
1261  832  
1261  822  
1261  811  
1262  790  
1262  776  
1263  761  
1262  746  
1261  733  
1259  715  
1259  705  
1257  694  
1256  686  
1255  678  
1252  669  
1249  663  
1246  658  
1243  653  
1239  649  
1235  645  
1228  641  
1222  639  
1216  638  
1209  637  
1202  636  
1190  636  
1182  636  
1174  638  
1167  639  
1158  640  
1144  644  
1133  648  
1122  653  
1112  657  
1103  662  
1095  667  
1086  674  
1080  679  
1074  685  
1071  692  
1067  701  
1065  713  
1065  721  
1065  728  
1066  734  
1069  741  
1072  747  
1077  756  
1081  760  
1086  763  
1091  766  
1097  767  
1106  769  
1113  771  
1120  771  
1126  772  
1134  772  
1146  770  
1154  769  
1163  767  
1171  765  
1179  763  
1186  760  
1197  757  
1205  754  
1211  752  
1217  750  

