1719  1168  
1726  1176  
1730  1183  
1729  1186  
1398  1009  
1400  1014  
1398  1019  
1398  1025  
1400  1029  
1207  630  
1207  630  
1212  634  
1216  636  
1221  638  
1227  641  
1234  642  
1242  644  
1257  644  
1269  644  
1283  644  
1298  644  
1314  643  
1338  642  
1355  640  
1373  638  
1390  636  
1409  633  
1437  630  
1455  628  
1471  626  
1485  624  
1497  622  
1508  621  
1520  620  
1525  620  
1527  620  
1528  620  
1528  621  
1526  622  
1522  623  
1515  624  
1507  627  
1496  630  
1476  635  
1459  640  
1439  644  
1419  650  
1397  657  
1373  665  
1338  679  
1315  689  
1292  702  
1269  718  
1246  736  
1216  771  
1200  796  
1186  818  
1176  837  
1168  855  
1163  884  
1165  906  
1169  933  
1178  958  
1191  980  
1209  999  
1254  1015  
1293  1017  
1329  1014  
1358  1005  
1385  996  
1433  984  
1470  976  
1499  970  
1519  966  
1532  964  
1542  961  
1360  836  
1359  839  

