1397  415  
1394  413  
1392  411  
1391  411  
1391  411  
1393  411  
1396  416  
1400  424  
1405  437  
1410  455  
1416  479  
1426  518  
1434  542  
1442  560  
1449  572  
1452  574  
1408  1405  
1408  1405  
1408  1405  
1395  1405  
1393  1403  
1392  1402  
1393  1402  
1393  1388  
1393  1385  
1174  996  
1171  980  
1169  972  
1166  953  
1166  933  
1169  908  
1173  888  
1177  873  
1184  852  
1190  840  
1199  831  
1211  826  
1225  821  
1247  820  
1287  823  
1311  830  
1331  839  
1344  850  
1352  861  
1357  875  
1354  882  
1341  885  
1307  886  
1249  891  
1164  908  
1093  917  
1025  922  
971  928  
913  937  
868  945  
846  952  
843  957  
844  960  
847  962  
1545  1303  
1554  1305  
1191  617  
1185  617  
1181  623  
1179  645  
1179  674  
1182  715  
1185  760  
1188  797  
1192  812  
1275  803  
1270  800  
1267  794  
1266  788  
1266  769  
1267  749  
1268  726  
1269  700  
1270  673  
1271  634  
1272  613  
1275  596  
1280  583  
1286  574  

