1022  1062  
972  1051  
925  1033  
882  995  
854  939  
849  866  
866  831  
894  787  
935  737  
1506  1365  
1256  665  
1256  665  
1256  665  
1255  667  
1251  666  
1454  1423  
1462  1427  
1463  1427  
1290  967  
1289  967  
1286  961  
1284  951  
1281  932  
1279  906  
1279  880  
1283  861  
1290  840  
1296  830  
1303  821  
1312  812  
1323  806  
1340  804  
1350  807  
1359  813  
1367  822  
1372  832  
1377  853  
1377  867  
1374  880  
1368  893  
1358  904  
1343  914  
1301  927  
1265  931  
1233  930  
1214  921  
1203  906  
1196  879  
1194  866  
1194  859  
1194  856  
1191  856  
1183  865  
1172  875  
1153  887  
1121  901  
1075  917  
1032  935  
976  964  
932  972  
896  964  
881  948  
1580  1398  
1275  721  
1275  720  
1277  722  
1275  721  
1270  724  
1269  726  
1268  846  
1266  844  
1268  842  
1268  838  
1270  831  
1273  822  
1276  810  
1281  788  
1284  769  
1288  749  

