1405  355  
1402  350  
1398  347  
1393  344  
1386  342  
1378  342  
1362  345  
1350  349  
1339  355  
1327  363  
1317  371  
1309  381  
1299  397  
1295  409  
1293  422  
1293  435  
1295  448  
1304  463  
1314  471  
1327  477  
1340  481  
1353  481  
1374  476  
1388  470  
1401  461  
1414  448  
1426  434  
1436  421  
1446  405  
1450  397  
1452  392  
1452  391  
1454  391  
1457  397  
1460  405  
1463  416  
1467  432  
1471  451  
1479  484  
1486  508  
1494  535  
1503  564  
1513  595  
1524  629  
1539  686  
1546  731  
1549  778  
1546  820  
1536  855  
1507  911  
1471  952  
1446  966  
1760  556  
1758  542  
1758  537  
1756  532  
1753  525  
1749  517  
1742  503  
1735  492  
1728  481  
1719  470  
1710  459  
1699  450  
1677  437  
1658  432  
1637  428  
1613  428  

