1346  696  
1342  689  
1339  681  
1337  671  
1337  665  
1337  662  
1336  663  
1332  667  
1324  674  
1310  683  
1285  692  
1225  709  
1166  721  
1086  732  
991  744  
892  759  
736  783  
650  791  
596  791  
578  787  
1407  1141  
1281  561  
1283  550  
1286  540  
1294  523  
1304  514  
1317  505  
1331  500  
1343  500  
1353  508  
1360  527  
1361  544  
1361  558  
1564  1314  
1491  734  
1492  728  
1495  725  
1496  723  
1496  721  
1496  721  
1498  724  
1501  731  
1504  742  
1507  756  
1508  777  
1507  789  
1504  799  
1498  807  
1490  812  
1476  813  
1467  808  
1456  798  
1446  784  
1439  768  
1431  745  
1430  736  
1429  732  
1429  731  
1429  732  
1430  737  
1434  756  
1437  771  
1438  786  
1438  798  
1436  808  
1429  817  
1422  820  
1415  819  
1407  814  
1398  805  
1387  785  
1381  770  
1378  756  
1376  746  
1375  740  
1375  739  
1375  741  
1373  750  
1369  765  
1360  782  
1344  797  
1304  812  
1263  820  

