1795  784  
1774  784  
1759  784  
1744  783  
1729  783  
1711  782  
1679  781  
1655  780  
1632  780  
1610  779  
1590  780  
1572  780  
1551  776  
1541  773  
1532  767  
1526  760  
1521  750  
1517  734  
1516  723  
1516  711  
1518  699  
1522  689  
1526  681  
1533  673  
1538  669  
1543  667  
1547  666  
1551  665  
1558  665  
1563  667  
1570  669  
1578  674  
1585  680  
1595  690  
1601  699  
1607  708  
1613  716  
1619  725  
1625  733  
1633  746  
1637  754  
1640  761  
1641  767  
1643  772  
1644  778  
1644  781  
1643  783  
1641  785  
1637  786  
1629  789  
1622  790  
1612  791  
1601  792  
1588  792  
1575  793  
1553  794  
1534  794  
1510  795  
1484  795  
1452  794  
1404  792  
1374  790  
1347  789  
1318  787  
1288  787  
1240  788  
1208  790  
1177  793  
1145  797  
1111  799  
1079  800  
1045  800  
1028  798  
1016  797  
1014  797  
1018  791  
1522  575  
1524  576  
1525  579  
1525  581  
1525  582  
1525  584  
1518  585  
1504  583  
1519  675  
1518  673  
1520  673  
1517  670  
1514  668  
1509  666  
1503  664  
1496  662  
1487  661  
1481  661  
1476  663  
1472  666  
1468  670  
1466  676  
1467  681  
1471  687  
1478  692  
1486  696  
1495  697  
1505  697  
1510  694  
1514  690  
1517  685  
1518  681  
1520  677  
1520  675  
1521  674  
1521  674  
1521  674  
1521  676  
1523  679  
1524  683  
1526  688  
1528  694  
1532  702  
1540  715  
1546  725  
1551  736  
1556  747  
1561  759  
1565  775  
1566  783  
1565  791  
1562  797  
1556  802  
1539  808  
1521  811  

