1196  666  
1196  630  
1195  609  
1196  592  
1199  580  
1203  574  
1209  573  
1216  579  
1225  592  
1237  608  
1254  623  
1274  638  
1304  657  
1324  667  
1341  675  
1354  681  
1362  685  
1364  689  
1358  690  
1343  690  
1319  690  
1285  689  
1242  689  
1161  694  
1100  702  
1044  711  
1001  719  
970  725  
946  728  
943  721  
948  715  
1202  390  
1200  388  
1197  385  
1197  386  
1197  391  
1196  401  
1196  420  
1199  460  
1201  493  
1202  528  
1202  558  
1204  572  
1458  1266  
1741  1296  
1748  1300  
1752  1305  
1754  1307  
1755  1308  
1756  1309  
1756  1310  
1756  1310  
1751  1308  
1748  1306  
1745  1305  
1743  1304  
1741  1303  
1738  1300  
1737  1299  
1735  1298  
1735  1297  
1735  1296  
1735  1296  
1735  1296  
1738  1296  
1737  1294  
1737  1293  
1734  1293  
1741  1293  
1744  1290  
1748  1289  
1750  1286  
1754  1279  
1757  1275  
1759  1272  
1770  1270  
1770  1270  
1779  1273  
1782  1275  
1786  1278  
1791  1283  
1792  1283  
1547  643  
1544  641  
1547  643  
1547  643  
1546  643  
1541  646  
1530  649  
1514  654  
1492  661  
1465  668  
1432  676  
1380  687  
1349  693  
1323  698  
1301  701  
1283  701  
1263  692  
1253  680  
1247  665  
1246  649  

