1295  731  
1303  717  
1311  704  
1324  692  
1333  688  
1342  688  
1351  693  
1359  702  
1369  720  
1373  733  
1375  746  
1376  760  
1375  774  
1371  789  
1368  797  
1363  804  
1357  809  
1349  814  
1339  818  
1322  821  
1309  821  
1294  819  
1279  815  
1265  808  
1248  794  
1240  785  
1234  776  
1229  768  
1225  760  
1221  749  
1220  744  
1219  742  
1219  741  
1219  741  
1219  743  
1224  754  
1228  766  
1233  778  
1238  791  
1244  803  
1254  822  
1259  832  
1264  844  
1265  857  
1262  873  
1253  894  
1233  929  
1217  949  
1200  962  
1180  968  
1157  967  
1115  950  
1084  930  
1059  905  
1043  882  
1028  861  
1013  832  
1007  810  
1005  784  
1006  755  
1011  728  
1022  704  
1047  672  
1068  656  
1092  642  
1118  631  
1145  625  

