1314  714  
1317  713  
1323  718  
1329  728  
1336  742  
1343  761  
1352  780  
1365  806  
1373  819  
1381  830  
1390  837  
1393  837  
1576  1065  
1578  1065  
1580  1067  
1582  1070  
1585  1075  
1593  1083  
1601  1090  
1611  1098  
1622  1107  
1632  1117  
1639  1126  
1643  1138  
1640  1146  
1631  1153  
1616  1161  
1595  1168  
1554  1177  
1520  1182  
1477  1186  
1426  1190  
1369  1194  
1286  1198  
1234  1197  
1186  1193  
1144  1185  
1108  1172  
1081  1155  
1058  1125  
1052  1104  
1055  1087  
1064  1072  
1080  1060  
1111  1049  
1131  1048  
1148  1051  
1162  1055  
1174  1062  
1185  1071  
1189  1077  
1189  1080  
1191  1080  
1337  1036  
1330  1037  
1330  1037  
1330  1037  
1330  1035  
1331  1030  
1442  894  
1442  892  
1443  891  
1446  890  
1452  890  
1449  1028  
1437  1037  
1436  1041  
1443  1042  
1523  1058  
1519  1058  
1519  1061  
1515  1064  

