734  769  
746  800  
758  829  
767  860  
771  899  
771  975  
768  1014  
759  1044  
743  1066  
716  1083  
680  1096  
614  1103  
557  1098  
491  1080  
428  1048  
365  1005  
278  927  
233  871  
197  817  
174  765  
166  717  
175  654  
193  621  
214  598  
235  584  
255  578  
272  576  
289  579  
297  584  
303  591  
308  602  
311  618  
312  627  
827  211  
835  229  
850  262  
857  285  
862  308  
865  327  
864  343  
861  356  
854  366  
847  367  
838  364  
826  358  
814  346  
799  319  
790  302  
784  286  
780  275  
777  269  
777  266  
777  269  
780  277  
784  291  
789  309  
793  327  
796  353  
797  365  
795  374  
792  377  
785  375  
767  362  
753  345  
740  324  
728  300  
718  278  
707  253  
703  242  
701  238  
701  238  
702  244  
705  256  
713  282  
717  302  
720  320  
721  338  
721  353  
711  375  
694  389  
666  402  
630  411  
586  418  
536  424  
453  430  
396  431  
342  432  
294  431  
255  429  
209  428  
187  428  
171  432  
159  443  
153  447  
1250  335  
1253  338  
1252  338  
1252  338  
1252  339  
1252  339  
1254  342  
1257  346  
1262  352  
1267  360  
1272  371  
1278  385  
1288  412  
1295  434  
1300  461  
1304  490  
1304  524  
1298  580  
1292  617  
1284  655  
1274  696  
1262  743  
1242  785  
1255  204  
1260  203  
1265  204  
1265  204  
1264  204  
1260  207  
1255  209  
1245  214  
1237  218  
1228  223  
1220  229  
1212  235  
1204  241  
1193  249  
1189  252  
1188  255  
1188  256  
1191  258  
1201  259  
1210  258  
1220  257  
1229  257  
1238  257  
1248  262  
1251  265  
1252  270  
1251  275  
1246  280  
1237  286  
1216  296  
1201  305  
1189  313  
1185  314  
1206  1309  
1200  1303  
1199  1302  
1154  1370  
1147  1387  
1150  1389  
1149  1432  
1149  1437  
1157  1439  
1168  1437  
1203  1365  
1203  1358  
1207  1331  
1208  1295  
1205  1277  
2345  955  

