1405  1118  
1405  1113  
1406  1111  
1406  1110  
1407  1109  
1407  1109  
1405  1110  
1402  1112  
1398  1114  
1394  1115  
1390  1115  
1387  1115  
1385  1113  
1385  1111  
1387  1110  
1391  1108  
1396  1108  
1402  1111  
1405  1112  
975  520  
973  511  
972  502  
971  483  
971  470  
971  455  
971  440  
972  424  
972  403  
973  394  
973  390  
973  389  
974  391  
978  402  
984  412  
992  422  
1002  431  
1016  439  
1032  445  
1060  450  
1079  451  
1098  450  
1118  447  
1138  443  
1169  430  
1187  418  
1202  406  
1215  394  
1226  385  
1234  375  
1235  373  
1235  372  
1233  374  
1230  379  
1224  386  
1213  401  
1204  412  
1194  424  
1181  437  
1164  452  
1130  474  
1105  491  
1077  509  
1048  528  
1020  548  
983  578  
963  601  
947  626  
936  653  
931  683  
932  715  
948  769  
970  802  
998  828  
1033  850  
1083  866  
1161  875  
1200  875  
1242  882  
1282  900  
1302  926  
1300  951  
1283  956  
1261  946  
1143  696  
1136  695  
1136  692  
1135  690  
1133  688  
1132  687  
1134  685  
1258  719  
1256  720  
1256  719  
1257  717  
1257  713  
1255  703  
1255  692  
1255  678  
1258  662  
1263  645  
1276  624  
1285  616  
1293  611  
1300  611  

