1495  508  
1510  556  
1516  586  
1519  614  
1519  641  
1513  666  
1495  699  
1476  719  
1449  735  
1415  749  
1377  758  
1338  763  
1280  763  
1244  763  
1212  764  
1181  767  
1152  769  
1139  766  
1509  211  
1508  206  
1508  207  
1508  209  
1506  213  
1505  219  
1505  229  
1509  251  
1512  269  
1516  292  
1521  320  
1527  351  
1541  406  
1554  448  
1568  495  
1584  545  
1600  597  
1616  652  
1635  744  
1644  805  
1651  855  
1650  921  
1636  998  
1602  1062  
1577  1093  
1546  1123  
1506  1149  
1457  1166  
1404  1176  
1327  1172  
1276  1159  
1225  1139  

