1218  829  
1172  840  
1109  845  
1043  842  
1372  648  
1372  639  
1369  628  
1369  615  
1373  601  
1386  579  
1395  571  
1403  567  
1412  568  
1424  576  
1438  598  
1442  613  
1441  625  
1441  635  
1479  852  
1476  849  
1478  849  
1483  848  
1486  844  
1489  839  
1494  829  
1497  820  
1500  810  
1502  800  
1504  790  
1506  780  
1507  776  
1507  774  
1507  774  
1505  778  
1499  792  
1491  802  
1476  811  
1456  818  
1431  822  
1404  823  
1366  819  
1342  814  
1320  808  
1301  803  
1284  799  
1265  794  
1257  792  
1252  791  
1252  790  
1252  791  
1261  799  
1271  810  
1286  825  
1305  847  
1325  881  
1333  935  
1314  1010  
1287  1038  
1254  1058  
1213  1072  
1161  1078  
1059  1068  
1004  1054  
963  1033  
923  991  
894  922  
896  836  
918  787  
952  727  
1001  678  
1303  679  
1296  672  
1296  659  
1297  643  
1306  625  
1318  617  
1333  611  
1351  611  
1369  617  
1388  637  
1394  654  
1395  673  
1395  681  
1576  1405  
1551  818  
1550  817  
1549  817  
1548  817  
1545  818  
1539  820  
1528  822  
1502  826  
1477  827  
1448  827  
1419  827  
1391  825  
1353  819  
1329  815  
1308  812  
1290  811  
1278  811  
1269  810  
1267  810  
1267  810  

