1519  1248  
1486  1249  
1452  1250  
1416  1252  
1380  1253  
1328  1256  
1297  1257  
1265  1260  
1234  1262  
1203  1265  
1171  1267  
1124  1271  
1092  1273  
1061  1273  
1034  1273  
1011  1271  
985  1265  
970  1259  
959  1252  
950  1244  
943  1235  
938  1225  
938  1206  
943  1193  
949  1180  
957  1169  
967  1159  
986  1148  
999  1143  
1013  1139  
1028  1138  
1043  1138  
1065  1141  
1080  1145  
1095  1150  
1109  1155  
1120  1161  
1129  1166  
1139  1172  
1145  1174  
1153  1173  
1163  1166  
1177  1157  
1303  1106  
1300  1104  
1301  1106  
1301  1106  
1301  1105  
1301  1105  
1301  1103  
1302  1102  
1304  1100  
1306  1098  
1307  1098  
1307  1098  
1307  1098  
1307  1101  
1306  1104  
1305  1107  
1303  1108  
1302  1109  
1302  1109  
1301  1108  
1302  1105  
1306  1102  
1352  1068  
1350  1066  
1351  1065  
1351  1061  
1353  1059  
1354  1056  
1356  1055  
1359  1054  
1361  1053  
1362  1055  
1362  1058  
1359  1061  
1356  1064  
1352  1067  
1347  1069  
1345  1069  
1344  1067  
1344  1064  
1346  1060  
1352  1057  
1357  1057  
1361  1059  
1402  1134  
1403  1127  
1404  1121  

