1317  800  
1256  811  
1156  836  
1080  852  
1016  859  
970  854  
935  841  
1418  874  
1419  874  
1419  874  
1419  873  
1420  873  
1422  869  
1428  863  
1436  854  
1451  837  
1462  826  
1470  816  
1476  809  
1478  806  
1478  806  
1473  807  
1463  810  
1448  815  
1426  822  
1397  830  
1350  836  
1307  839  
1249  846  
1188  862  
1122  880  
1023  893  
966  890  
1426  890  
1426  889  
1425  886  
1428  881  
1431  878  
1435  872  
1442  865  
1450  855  
1462  840  
1470  830  
1476  821  
1480  813  
1481  807  
1482  804  
1483  803  
1482  803  
1480  806  
1474  810  
1466  817  
1444  829  
1424  836  
1401  841  
1376  843  
1349  844  
1290  843  
1242  850  
1204  858  
1525  1352  
1539  1355  
1549  1356  
1538  745  
1538  744  
1539  746  
1540  747  
1541  751  
1544  757  
1546  765  
1548  779  
1548  787  
1548  796  
1546  802  
1543  808  
1536  814  
1530  816  
1523  816  
1517  812  
1512  805  
1508  797  
1504  785  
1502  780  
1501  776  
1501  773  
1501  773  
1501  774  
1502  779  
1503  786  
1504  795  

