1246  884  
1221  902  
1193  937  
1177  959  
1160  979  
1141  998  
1122  1016  
1094  1046  
1079  1070  
1068  1098  
1062  1130  
1059  1167  
1059  1206  
1066  1258  
1077  1286  
1095  1310  
1118  1329  
1147  1343  
1197  1354  
1234  1354  
1272  1348  
1310  1339  
1343  1327  
1388  1294  
1404  1280  
1208  591  
1210  595  
1206  590  
1202  587  
1202  589  
1205  591  
1260  808  
1258  806  
1257  805  
1256  803  
1255  801  
1255  798  
1254  790  
1254  782  
1254  772  
1256  763  
1258  752  
1263  739  
1268  734  
1272  731  
1276  730  
1281  732  
1290  737  
1299  743  
1308  750  
1319  759  
1330  769  
1344  779  
1366  794  
1383  804  
1403  814  
1427  822  
1455  830  
1498  839  
1522  843  
1544  845  
1566  846  
1590  847  
1635  849  
1663  852  
1687  855  
1704  858  
1716  860  
1725  862  
1734  864  
1736  865  
1737  865  
1736  864  
1732  864  
1722  861  
1713  860  
1700  859  
1682  858  
1657  858  
1605  862  
1570  869  
1543  878  
1516  886  
1478  892  
1432  895  
1377  894  
1343  891  
1284  891  
1219  900  
1171  912  
1089  925  
1032  927  
982  932  
907  940  
835  950  
750  967  
682  984  
616  1005  
536  1022  
1308  622  
1307  627  
1306  627  
1308  630  
1364  334  
1364  334  
1366  336  
1368  334  
1371  332  
1376  327  
1388  320  
1395  318  
1400  316  
1404  316  
1408  316  
1415  317  
1419  319  
1422  322  
1425  325  
1425  329  
1425  333  
1425  340  
1423  344  
1422  347  
1422  349  
1422  349  
1423  351  
1425  352  
1428  354  
1432  355  
1435  356  
1440  358  
1443  360  
1446  361  
1448  363  
1450  365  
1451  367  
1452  370  
1453  372  
1453  374  
1454  376  
1454  378  
1457  381  
1459  382  
1462  383  
1464  383  
1466  384  
1466  385  
1467  385  
1467  387  
1468  390  
1470  393  
1470  396  
1471  400  
1471  403  
1469  406  
1466  409  
1463  411  
1457  414  
1453  416  
1449  416  
1446  417  
1443  417  
1437  415  
1433  413  
1428  410  
1423  407  
1418  403  
1413  399  
1405  392  
1399  387  
1392  383  
1386  379  
1379  376  
1368  372  
1360  371  
1352  370  
1344  370  
1335  371  
1324  374  
1317  377  
1311  380  
1305  385  
1299  389  
1293  394  
1285  403  
1280  409  
1275  414  
1271  420  
1268  424  
1265  430  
1265  433  
1265  434  
1265  435  
1266  436  
1269  436  
1271  435  
1275  433  
1280  431  
1286  428  
1292  426  
1300  424  
1305  424  
1309  423  

