1211  1229  
1211  1229  
1211  1229  
1211  1229  
1212  1229  
1215  1227  
1219  1224  
1227  1220  
1236  1216  
1246  1212  
1261  1208  
1270  1207  
1278  1207  
1286  1209  
1292  1211  
1298  1214  
1307  1216  
1315  1215  
2233  1020  
2222  1018  
2211  1018  
2199  1017  
2184  1017  
2167  1017  
2137  1017  
2115  1020  
2090  1024  
2058  1028  
2014  1031  
1941  1032  
1904  1028  
1865  1026  
1818  1025  
1770  1027  
1713  1034  
1673  1039  
1625  1041  
1579  1040  
1545  1036  
1516  1032  
1475  1025  
1452  1019  
1435  1012  
1424  1003  
1417  991  
1408  969  
1403  953  
1398  938  
1393  924  
1389  911  
1386  896  
1384  892  
1383  890  
1383  889  
1381  891  
1379  896  
1379  909  
1379  922  
1380  937  
1382  953  
1385  968  
1393  990  
1399  1004  
1406  1018  
1412  1031  
1416  1043  
1415  1059  
1408  1069  
1396  1079  
1379  1088  
1358  1096  
1330  1103  
1275  1112  
1231  1117  
1183  1121  
1131  1125  
1074  1128  
993  1135  
941  1140  
890  1144  
846  1147  
808  1151  
757  1160  
728  1167  
707  1173  
696  1178  
696  1181  
1041  1338  
1037  1328  

