1651  838  
1629  845  
1598  854  
1568  865  
1526  882  
1491  892  
1444  899  
1400  903  
1366  904  
1301  904  
1243  903  
1201  900  
1178  895  
1157  889  
1128  877  
1113  867  
1104  854  
1102  842  
1105  829  
1113  817  
1131  798  
1145  786  
1161  778  
1177  771  
1194  767  
1215  769  
1228  775  
1239  781  
1247  788  
1251  789  
1427  1065  
1429  1065  
1429  1065  
1429  1065  
1429  1065  
1427  1062  
1426  1058  
1717  723  
1721  729  
1726  734  
1731  741  
1740  752  
1765  775  
1785  791  
1801  805  
1812  817  
1818  830  
1812  847  
1797  859  
1772  869  
1744  874  
1713  875  
1658  875  
1554  886  
1498  897  
1429  899  
1370  893  
1303  883  
1201  880  
1163  877  
1128  869  
1098  854  

