1665  745  
1667  743  
1668  742  
1670  741  
1675  744  
1681  749  
1689  757  
1698  767  
1710  777  
1734  793  
1756  804  
1783  813  
1815  822  
1848  828  
1875  833  
1906  837  
1922  839  
1935  839  
1947  840  
1955  841  
1957  841  
1835  858  
1799  858  
1765  858  
1724  854  
1696  849  
1659  846  
1616  846  
1578  847  
1542  849  
1522  847  
1504  844  
1487  839  
1468  832  
1445  820  
1433  811  
1425  802  
1420  794  
1417  789  
1415  786  
1415  786  
1415  786  
1415  786  
1415  787  
1414  788  
1414  789  
1413  789  
1413  789  
1411  790  
1410  790  
1407  790  
1404  790  
1402  790  
1399  790  
1398  792  
1005  1064  
1004  1061  
1005  1055  
1008  1048  
1012  1030  
1016  1008  
1019  975  
1022  933  
1023  893  
1026  853  
1032  837  
1041  825  
1051  818  
1059  813  
1067  811  
1080  816  
1094  827  
1113  843  

