1492  689  
1484  681  
1473  674  
1460  668  
1444  663  
1422  659  
1407  659  
1394  661  
1381  665  
1368  670  
1355  677  
1338  692  
1328  704  
1320  717  
1314  732  
1310  748  
1309  772  
1311  784  
1315  795  
1322  805  
1331  813  
1350  824  
1365  828  
1381  832  
1399  834  
1417  835  
1433  835  
1455  833  
1468  832  
1478  830  
1484  830  
1488  829  
1488  829  
1488  829  
1487  829  
1483  831  
1477  831  
1464  832  
1453  832  
1440  832  
1426  832  
1411  831  
1396  830  
1375  830  
1362  830  
1348  829  
1333  829  
1314  828  
1282  829  
1258  831  
1234  833  
1212  837  
1193  841  
1165  847  
1145  851  
1126  854  
1106  858  
1085  861  
1067  865  

