1144  862  
1054  868  
1035  868  
1609  717  
1605  709  
1603  697  
1602  687  
1600  676  
1600  663  
1604  651  
1610  638  
1626  624  
1639  618  
1655  615  
1671  615  
1686  621  
1706  639  
1725  680  
1728  704  
1727  730  
1718  768  
1710  786  
1701  797  
1690  802  
1676  802  
1661  798  
1641  784  
1628  771  
1618  753  
1611  734  
1605  718  
1601  699  
1599  691  
1599  686  
1599  685  
1598  685  
1598  685  
1598  689  
1599  695  
1600  706  
1601  719  
1601  735  
1600  761  
1596  781  
1588  799  
1577  815  
1559  827  

