1496  811  
1463  810  
1424  808  
1386  804  
1328  796  
1285  792  
1237  791  
1188  790  
1133  788  
1045  776  
998  763  
960  747  
927  731  
900  714  
870  686  
856  668  
846  648  
840  627  
838  607  
839  586  
848  558  
858  539  
870  523  
885  508  
903  493  
932  475  
952  467  
974  461  
997  458  
1021  457  
1058  460  
1081  464  
1102  470  
1122  475  
1139  482  
1153  486  
1169  489  
1684  613  
1683  608  
1685  604  
1684  600  
1682  595  
1678  588  
1674  584  
1668  579  
1661  575  
1650  570  
1639  567  
1622  567  
1613  569  
1605  573  
1598  578  
1593  584  
1588  596  
1587  605  
1587  613  
1591  621  
1596  629  
1609  638  
1618  643  
1628  645  
1638  646  
1647  645  
1654  642  
1662  634  
1666  629  
1668  625  
1669  622  
1671  619  
1671  618  
1671  618  
1672  618  
1672  620  
1674  623  
1678  632  
1682  641  
1687  652  
1694  664  
1702  678  
1712  693  
1728  719  
1738  737  
1748  756  
1757  775  
1764  792  
1769  812  
1769  823  
1764  832  
1756  840  
1744  846  
1720  852  
1695  852  
1655  854  
1602  860  
1549  871  
1491  882  
1382  879  
1304  870  
1216  871  
1134  877  
1052  871  
939  849  
865  844  
804  842  
740  834  
682  818  
641  797  
600  761  
584  735  
575  709  
578  656  
594  615  
612  589  
633  565  
657  544  
682  527  
720  511  
747  504  
774  501  
801  503  
826  508  
850  515  
882  529  
903  539  
923  548  
948  555  
978  556  
1513  434  
1518  435  
1518  437  
1519  443  

