1424  523  
1426  520  
1427  520  
1429  520  
1431  520  
1434  519  
1674  1437  
1718  740  
1719  742  
1717  741  
1715  741  
1712  743  
1704  744  
1696  747  
1685  748  
1670  750  
1651  751  
1628  752  
1589  756  
1563  760  
1537  764  
1511  767  
1484  768  
1448  765  
1435  760  
1427  753  
1422  744  
1421  732  
1423  709  
1427  692  
1433  678  
1440  666  
1447  657  
1456  648  
1469  637  
1477  633  
1482  631  
1486  632  
1493  635  
1505  643  
1516  652  
1528  662  
1542  671  
1556  682  
1576  700  
1587  713  
1596  724  
1603  733  
1605  740  
1605  745  
1599  753  
1588  757  
1571  760  
1548  764  
1516  768  
1446  775  
1388  779  
1326  783  
1262  791  
1199  805  
1113  824  
1067  828  
1041  827  
1029  822  
1027  814  
1034  802  
1043  796  
1383  553  
1377  540  
1378  532  
1382  522  
1387  513  
1396  505  
1411  494  
1421  491  
1429  492  
1437  498  
1445  508  
1453  519  
1469  532  
1481  538  
1493  540  
1505  540  
1517  536  
1533  528  
1540  524  
1543  522  
1541  520  
1457  344  
1459  338  
1462  332  
1463  329  
1465  323  
1466  320  
1466  319  
1466  319  
1466  318  
1466  318  
1466  318  
1467  318  
1467  319  
1467  322  
1468  328  
1468  340  
1470  351  
1473  364  
1476  381  
1479  400  
1483  430  
1485  451  
1489  473  
1495  497  
1502  522  
1511  548  
1527  587  
1536  612  

