1286  442  
1287  452  
1288  470  
1288  483  
1288  498  
1290  514  
1292  535  
1297  575  
1298  606  
1301  643  
1305  685  
1311  732  
1319  780  
1332  835  
1341  869  
1348  921  
1351  981  
1351  1020  
1349  1055  
1350  1073  
1351  1079  
1275  218  
1273  216  
1273  216  
1272  217  
1269  220  
1264  226  
1255  234  
1242  245  
1218  262  
1205  274  
1194  285  
1184  296  
1179  305  
1177  315  
1181  319  
1189  319  
1200  316  
1214  310  
1231  305  
1253  298  
1262  298  
1267  299  
1270  301  
1271  304  
1268  311  
1261  318  
1250  325  
1238  335  
1227  344  
1215  355  
1209  360  
1207  362  
1208  364  
1213  361  
1226  351  
1240  454  
1242  452  
1242  450  
1242  450  
1242  450  
1243  454  
1248  475  
1253  502  
1258  541  
1262  589  
1266  647  
1278  756  
1293  824  
1314  889  
1329  981  
1320  1083  
1307  1138  
1239  73  
1239  63  
1239  63  
1239  65  
1236  69  
1231  78  
1222  95  
1208  118  
1179  152  
1162  171  
1146  192  
1129  213  
1113  232  
1098  253  
1095  261  
1097  264  
1105  265  
1118  262  
1147  249  
1166  240  

