1027  972  
977  989  
915  1002  
848  1010  
840  1010  
1359  602  
1357  596  
1357  597  
1354  597  
1348  600  
1429  828  
1425  828  
1410  825  
1398  823  
1386  821  
1373  817  
1358  811  
1339  802  
1305  781  
1283  762  
1263  741  
1245  718  
1230  694  
1217  661  
1215  640  
1219  620  
1231  600  
1250  578  
1288  553  
1317  544  
1347  541  
1375  545  
1398  554  
1415  566  
1427  594  
1422  620  
1405  650  
1374  687  
1335  731  
1261  806  
1204  860  
1155  929  
1109  1001  
1072  1064  
1056  1153  
1067  1211  
1099  1262  
1151  1305  
1217  1341  
1294  1368  
1426  1391  
1480  1394  
1357  380  
1357  377  
1356  381  
1354  389  
1352  387  
1502  662  
1496  659  
1486  652  
1478  646  
1470  635  
1461  620  
1450  601  
1432  564  
1419  537  
1410  510  
1406  486  
1408  464  
1422  436  

