1420  1587  
1320  381  
1322  382  
1325  384  
1326  385  
1327  387  
1329  391  
1331  397  
1332  405  
1336  421  
1340  437  
1346  455  
1353  476  
1360  501  
1370  544  
1376  577  
1380  612  
1382  652  
1380  697  
1368  776  
1358  823  
1353  840  
1302  542  
1300  545  
1301  551  
1301  555  
1301  561  
1301  573  
1301  586  
1300  602  
1297  622  
1293  652  
1287  694  
1278  774  
1273  819  
1270  864  
1267  946  
1266  1028  
1266  1078  
1266  1100  
1263  1108  
1370  291  
1369  289  
1366  287  
1363  288  
1358  291  
1349  297  
1336  306  
1314  322  
1300  334  
1286  346  
1273  356  
1264  364  
1259  369  
1258  373  
1263  374  
1272  374  
1285  372  
1300  370  
1316  369  
1326  370  
1334  373  
1340  377  
1342  384  
1337  397  
1327  406  
1312  418  
1293  431  
1274  446  
1259  460  
1247  470  
1254  610  
1256  612  
1261  619  
1276  642  
1288  669  
1300  707  
1309  752  
1311  795  
1300  843  
1279  870  
1245  908  
1256  461  
1253  460  
1249  463  
1244  466  
1232  475  
1223  483  
1214  491  
1208  497  
1206  501  
1209  503  
1216  502  
1224  500  
1233  499  
1240  499  
1248  507  
1252  514  
1252  522  
1249  531  
1240  540  
1227  554  
1208  563  
1283  423  
1283  423  
1285  424  
1285  424  
1285  424  
1285  425  
1285  428  
1285  433  

