1609  890  
1589  904  
1571  920  
1555  936  
1531  955  
1512  966  
1485  976  
1448  983  
1409  990  
1359  1000  
1317  1005  
1262  1003  
1213  997  
1179  989  
1150  985  
1422  1090  
1422  1089  
1419  1094  
1415  1096  
1251  670  
1252  672  
1255  675  
1255  675  
1255  674  
1255  672  
1256  663  
1257  653  
1257  640  
1257  624  
1257  607  
1260  583  
1263  571  
1266  563  
1267  560  
1268  559  
1270  562  
1277  572  
1284  581  
1294  590  
1307  598  
1322  607  
1349  617  
1369  623  
1390  625  
1415  625  
1442  622  
1484  618  
1510  615  
1534  612  
1554  609  
1569  608  
1579  608  
1584  609  
1584  611  
1581  615  
1574  622  
1562  630  
1536  647  
1512  659  
1485  673  
1455  688  
1421  708  
1367  741  
1333  765  
1300  789  
1268  811  
1235  832  
1206  856  
1181  901  
1175  936  
1176  969  
1185  998  
1203  1023  
1254  1053  
1297  1071  
1339  1092  
1381  1119  
1424  1148  
1471  1192  
1483  1219  
1473  1243  
1463  1253  
1433  929  
1432  929  
1429  933  
1249  784  
1246  781  
1246  782  
1248  783  
1248  782  
1248  780  

