1305  614  
1309  620  
1320  633  
1329  645  
1342  657  
1357  669  
1373  679  
1401  693  
1423  701  
1447  706  
1472  707  
1496  707  
1531  699  
1550  692  
1567  684  
1581  675  
1593  667  
1601  662  
1606  659  
1607  658  
1606  658  
1605  660  
1602  663  
1594  671  
1586  679  
1575  689  
1560  703  
1541  719  
1500  747  
1461  770  
1415  793  
1370  811  
1329  823  
1282  832  
1209  848  
1167  858  
1116  858  
1061  850  
1020  837  
981  813  
969  791  
966  756  
1355  983  
1357  987  
1357  990  
1357  991  
1354  984  
1371  918  
1367  920  
1360  915  
1356  913  
1353  908  
1347  896  
1343  886  
1339  874  
1336  863  
1334  853  
1334  840  
1335  834  
1337  831  
1340  830  
1343  830  
1351  836  
1356  844  
1363  854  
1369  866  
1376  877  
1385  888  
1403  903  
1417  912  
1437  919  
1461  923  
1485  924  
1512  921  
1528  916  
1542  907  
1557  897  
1575  886  
1610  874  
1630  870  
1643  868  
1649  868  
1648  869  
1644  872  
1627  881  

