1218  679  
1274  556  
1608  1404  
1615  1405  
1547  820  
1542  821  
1537  826  
1524  832  
1486  847  
1445  858  
1403  868  
1370  874  
1337  878  
1270  886  
1230  894  
1206  896  
1193  889  
1187  874  
1188  842  
1196  816  
1209  786  
1225  753  
1246  724  
1271  701  
1314  679  
1343  673  
1372  669  
1401  668  
1426  668  
1449  675  
1453  682  
1449  691  
1434  702  
1407  713  
1350  728  
1304  741  
1256  759  
1209  781  
1163  802  
1118  819  
1068  830  
1057  828  
1289  428  
1287  425  
1287  425  
1289  433  
1293  447  
1296  465  
1298  489  
1298  515  
1297  541  
1297  572  
1297  589  
1299  600  
1379  538  
1379  535  
1374  533  

