882  855  
1199  506  
1195  504  
1196  504  
1196  502  
1195  500  
1195  499  
1194  499  
1194  499  
1194  501  
1195  507  
1198  522  
1198  537  
1199  556  
1200  573  
1203  588  
1206  608  
1208  619  
1208  628  
1208  636  
1207  641  
1205  642  
1206  641  
1309  592  
1308  596  
1310  598  
1308  597  
1306  597  
1299  596  
1293  591  
1325  373  
1317  366  
1305  357  
1279  344  
1259  335  
1239  328  
1222  325  
1206  326  
1189  330  
1164  343  
1147  355  
1131  368  
1121  384  
1118  400  
1124  425  
1133  440  
1145  453  
1160  463  
1178  471  
1210  481  
1231  485  
1252  486  
1269  485  
1283  482  
1295  478  
1305  473  
1307  471  
1306  469  
1301  468  
1289  468  

