1512  1067  
1510  1069  
1509  1072  
1508  1075  
1508  1079  
1514  1087  
1521  1093  
1528  1099  
1533  1106  
1538  1113  
1541  1124  
1541  1131  
1536  1138  
1525  1144  
1510  1150  
1479  1157  
1452  1161  
1420  1165  
1385  1170  
1348  1174  
1311  1179  
1260  1184  
1229  1185  
1203  1184  
1181  1179  
1162  1171  
1141  1153  
1133  1140  
1129  1127  
1129  1114  
1134  1102  
1148  1086  
1162  1076  
1177  1068  
1191  1063  
1204  1061  
1215  1062  
1231  1069  
1243  1075  
1252  1082  
1258  1090  
1263  1096  
1268  1103  
1270  1104  
1273  1104  
1322  1046  
1320  1048  
1318  1045  
1319  1044  
1322  1038  
1324  1033  
1327  1025  
1331  1015  
1334  1002  
1339  986  
1345  963  
1348  951  
1351  942  
1353  937  
1355  936  
1359  940  
1361  947  
1365  957  
1367  969  
1370  982  
1373  1001  
1375  1013  
1378  1024  
1381  1033  
1384  1040  
1389  1044  
1389  1043  
1659  1054  
1658  1054  
1656  1053  

