1908  856  
1902  865  
1893  871  
1880  876  
1863  880  
1832  883  
1770  883  
1734  880  
1697  876  
1376  902  
1329  894  
1261  888  
1204  884  
1159  875  
1133  862  
1113  847  
1102  833  
1103  820  
1123  799  
1144  785  
1168  775  
1189  769  
1207  768  
1222  770  
1235  775  
1239  778  
1240  784  
1238  789  
1839  787  
1838  786  
1837  785  
1837  785  
1837  787  
1839  791  
1843  798  
1850  806  
1861  818  
1867  826  
1874  834  
1879  842  
1883  851  
1884  860  
1883  873  
1877  883  
1868  896  
1851  910  
1822  923  
1766  941  
1733  955  
1692  971  
1626  984  
1562  991  
1485  999  
1421  1004  
1368  1010  
1319  1012  
1259  1005  
1208  986  
1168  943  
1152  910  
1142  883  
1141  861  
1149  841  

