1439  837  
1435  846  
1428  854  
1412  861  
1399  861  
1389  858  
1384  853  
1723  1254  
1715  1251  
1396  658  
1394  655  
1395  659  
1393  659  
1391  656  
1598  1339  
1590  1334  
1591  1334  
1591  1334  
1433  780  
1432  778  
1433  781  
1435  784  
1437  788  
1440  793  
1444  803  
1449  811  
1453  820  
1458  828  
1463  835  
1469  845  
1472  852  
1472  858  
1472  864  
1469  869  
1464  874  
1452  879  
1441  881  
1427  882  
1411  882  
1395  879  
1377  873  
1372  868  
1399  717  
1399  717  
1399  716  
1398  712  
1395  703  
1393  696  
1363  705  
1363  703  
1363  702  
1363  702  
1363  702  
1363  702  
1363  702  
1363  702  
1363  702  
1362  702  
1360  704  
1357  707  
1354  710  
1352  713  
1350  716  
1348  719  
1348  724  
1347  730  
1348  735  
1350  740  
1351  745  
1353  751  
1356  760  
1358  767  
1360  774  
1361  781  
1363  789  
1364  799  
1365  804  
1366  810  
1366  814  
1366  818  
1366  822  
1363  827  
1361  830  
1358  833  
1356  834  
1354  836  
1348  838  
1344  839  
1339  840  
1333  841  
1328  842  
1320  842  
1316  841  
1312  841  
1309  840  
1306  840  
1303  840  
1299  840  
1299  840  
1298  840  
1298  841  
1298  841  
1298  841  
1298  841  
1298  841  
1298  841  
1300  842  
1301  841  
1339  639  

