1443  879  
1437  879  
1429  881  
1420  884  
1406  889  
1396  893  
1386  897  
1377  905  
1367  915  
1357  926  
1336  945  
1316  956  
1293  968  
1271  979  
1250  990  
1225  1005  
1216  1015  
1209  1025  
1203  1035  
1197  1047  
1190  1067  
1187  1081  
1185  1097  
1185  1116  
1185  1138  
1189  1160  
1199  1194  
1209  1212  
1219  1229  
1232  1244  
1247  1257  
1272  1271  
1291  1276  
1311  1277  
1331  1277  
1350  1275  
1377  1270  
1397  1263  
1417  1255  
1435  1249  
1451  1243  
1465  1241  
1472  1235  
1152  896  
1146  891  
1144  889  
1142  887  
1141  886  
1141  884  
1141  880  
1141  875  
1143  867  
1146  852  
1149  841  
1151  829  
1153  816  
1153  801  
1153  777  
1154  759  
1155  742  
1156  728  
1157  717  
1159  705  
1161  701  
1162  700  
1163  699  
1165  701  
1169  705  
1177  716  
1183  725  
1191  736  
1199  747  
1208  760  
1222  779  
1232  791  
1244  801  
1258  811  
1274  819  
1300  828  
1317  834  
1332  838  
1344  840  
1354  840  
1363  839  
1372  835  
1378  831  
1382  828  
1386  825  
1388  824  
1389  823  
1389  823  
1389  823  
1388  823  
1386  825  
1380  828  
1374  832  
1366  836  
1358  841  
1348  846  
1337  850  
1316  857  
1297  864  
1273  872  

