1628  753  
1626  762  
1621  769  
1615  774  
1605  776  
1599  770  
1593  759  
1589  744  
1585  729  
1581  708  
1580  697  
1579  689  
1576  684  
1574  681  
1572  680  
1571  680  
1570  684  
1571  691  
1572  703  
1573  716  
1573  739  
1569  755  
1562  769  
1549  780  
1528  789  
1467  801  
1406  805  
1347  808  
1294  813  
1244  822  
1205  833  
1171  848  
1161  848  
1705  1321  
1705  1321  
1713  1322  
1715  1323  
1717  1323  
1718  1323  
1545  804  
1558  785  
1564  774  
1569  762  
1574  750  
1579  738  
1583  724  
1585  716  
1587  711  
1587  708  
1587  708  
1587  709  
1583  717  
1577  725  
1569  735  
1559  746  
1547  756  
1525  768  
1509  773  
1491  774  
1472  771  
1454  766  
1435  756  
1427  750  
1421  746  
1418  743  
1417  742  
1416  741  
1418  743  
1423  749  
1431  761  
1442  780  
1454  803  
1467  842  
1468  870  
1458  902  
1440  935  
1419  964  
1378  1000  
1335  1017  
1271  1024  
1211  1015  
1171  993  
1140  959  
1089  888  
1069  847  
1067  808  
1084  761  
1123  709  
1219  648  
1566  815  
1566  811  
1568  807  
1571  804  
1575  801  
1582  795  
1589  788  
1599  778  
1609  767  
1616  757  
1620  746  
1621  740  
1621  735  
1621  732  
1621  731  
1621  731  
1615  738  
1607  745  
1594  754  
1576  765  
1551  775  
1491  787  
1432  791  
1371  795  

