1149  551  
1150  620  
1159  675  
1175  740  
1190  807  
1198  866  
1214  979  
1232  1038  
1593  621  
1599  615  
1607  610  
1616  606  
1630  604  
1641  608  
1651  615  
1660  626  
1664  641  
1665  657  
1658  676  
1650  684  
1639  689  
1626  689  
1613  682  
1597  663  
1589  647  
1585  633  
1582  622  
1580  617  
1579  615  
1579  615  
1580  617  
1582  624  
1584  637  
1588  658  
1594  701  
1597  739  
1595  778  
1587  814  
1573  846  
1538  905  
1508  949  
1460  986  
1402  1012  
1378  1024  
1978  608  
1979  609  
1978  608  
1976  608  
1974  610  
1969  612  
1965  615  
1960  617  
1956  619  
1951  622  
1942  627  
1933  632  
1923  637  
1910  642  
1895  647  
1880  651  
1855  655  
1837  655  
1819  656  

