1402  748  
1401  784  
1395  818  
1385  846  
1372  871  
1344  907  
1307  934  
1253  950  
1204  950  
1170  937  
1113  904  
1072  877  
1040  849  
1017  817  
999  777  
984  706  
982  661  
985  618  
992  577  
1001  538  
1015  501  
1033  465  
1391  420  
1392  423  
1392  425  
1391  426  
1390  424  
1388  420  
1496  290  
1493  285  
1492  286  
1490  287  
1487  286  
1560  393  
1557  397  
1558  403  
1548  1229  
1555  1235  
1566  1242  
1577  1248  
1601  1260  
1615  1267  
1641  1281  
1641  1279  
1362  829  
1362  828  
1362  828  
1362  828  
1360  826  
1359  822  
1357  817  
1355  808  
1354  794  
1359  766  
1366  745  
1375  725  
1385  708  
1395  693  
1407  678  
1415  671  
1423  667  
1433  666  
1444  669  
1460  683  
1468  698  
1473  714  
1475  731  
1475  749  
1469  765  
1452  785  
1437  794  
1420  800  
1400  804  
1381  804  
1352  802  
1335  797  
1322  788  
1311  776  
1301  763  
1289  744  

