1495  685  
1484  686  
1467  687  
1454  688  
1442  688  
1427  688  
1411  688  
1385  688  
1369  688  
1352  688  
1337  687  
1323  686  
1304  686  
1292  686  
1282  686  
1275  686  
1270  686  
1266  686  
1262  686  
1260  686  
1258  686  
1257  686  
1256  686  
1255  686  
1255  687  
1257  688  
1263  686  
1482  266  
1481  262  
1481  258  
1480  257  
1480  257  
1479  257  
1479  257  
1479  259  
1479  262  
1479  269  
1479  279  
1481  298  
1483  313  
1486  331  
1491  352  
1496  376  
1508  418  
1517  450  
1527  485  
1537  520  
1546  556  
1553  610  
1552  645  
1548  681  
1540  719  
1528  759  
1512  797  
1475  840  
1441  861  
1405  875  
1374  881  
1342  879  
1272  866  
1231  854  
1209  838  
1197  813  
1189  778  
1187  710  
1194  669  
1208  635  
1229  608  
1254  588  
1285  578  
1425  477  
1426  466  
1429  463  
1428  462  
1428  461  
1427  461  
1427  461  
1426  465  
1425  472  
1424  484  
1424  500  
1426  532  
1428  556  
1431  584  
1434  613  
1439  647  
1448  705  
1456  750  
1464  795  
1470  832  
1472  863  
1443  945  

