1762  903  
1709  948  
1650  981  
1579  1004  
1519  1017  
1451  1030  
1376  1044  
1257  1060  
1171  1064  
1084  1067  
1000  1073  
918  1075  
796  1069  
715  1064  
642  1061  
578  1058  
517  1050  
459  1034  
436  1022  
419  1012  
405  1003  
393  994  
383  986  
369  972  
361  962  
354  951  
350  941  
348  929  
349  908  
352  891  
357  872  
364  851  
372  830  
386  797  
397  774  
407  750  
417  728  
425  706  
433  685  
447  658  
457  643  
466  630  
473  621  
479  615  
487  610  
490  607  
492  606  
494  605  
495  605  
497  606  
499  608  
504  612  
506  613  
1218  1206  
1221  1209  
1223  1214  
1033  323  
1036  312  
1048  304  
1068  295  
1098  284  
1135  273  
1200  259  
1246  252  
1293  247  
1342  243  
1393  241  
1468  241  
1512  243  
1546  245  
1569  246  
1582  247  
1585  247  
1581  249  
1568  253  
1545  262  
1514  275  
1476  294  
1411  333  
1362  365  
1309  402  
1255  442  
1203  485  
1135  553  
1095  604  
1058  660  
1027  721  
1006  783  
997  864  
1001  930  
1008  1001  
1022  1054  
1049  1098  
1088  1140  
1161  1190  
1216  1211  
1274  1225  
1330  1234  
1386  1237  
1473  1231  
1525  1226  
1570  1219  
1610  1211  
1644  1204  
1670  1201  
1676  1201  
1677  1201  
1670  1198  
1278  822  
1276  817  
1276  813  
1282  813  
1291  813  
1300  816  
1311  822  
1311  822  
1768  542  
1759  521  
1763  509  
1777  493  
1794  484  
1818  478  
1847  475  
1879  475  
1914  480  
1972  493  
2013  506  
2055  521  
2097  538  
2141  557  
2205  583  
2246  600  
2284  616  
2319  630  
2346  640  
2370  649  
2376  650  
2376  650  
2372  649  
2362  647  
2343  643  
2299  640  
2260  639  
2213  640  
2164  643  
2119  647  
2054  659  
2016  669  
1981  680  
1950  693  
1921  707  
1882  729  
1856  743  
1828  758  
1796  772  
1763  783  
1732  792  
1685  800  
1652  803  
1619  804  
1587  803  
1556  799  
1510  785  
1480  774  
1454  764  
1435  756  
1426  752  
1423  750  
1427  749  
1430  746  
1922  820  
1921  815  
1919  811  
1914  811  
1902  813  
1892  817  
1883  820  
1876  823  
1873  824  
1876  827  
1883  827  
1895  826  
1908  822  
1921  817  
1930  813  
1935  809  
1935  809  
1934  808  
1931  809  
1922  810  
1911  816  
820  605  
818  590  
817  587  
817  593  
819  602  
822  615  
829  630  
837  650  
846  673  
857  709  
861  732  
860  751  
857  762  
852  765  
835  754  
817  734  
796  710  
775  685  
758  665  
741  642  
737  634  
737  633  
738  634  
743  641  
751  656  
760  688  
763  711  
763  731  
761  749  
755  764  
741  771  
725  766  
707  752  
691  731  
675  707  
656  675  
647  658  
643  641  
642  629  
647  621  
654  619  
669  631  
680  649  
691  671  
703  696  
716  724  

