1440  618  
1440  620  
1442  626  
1448  637  
1456  653  
1468  674  
1482  713  
1484  746  
1478  782  
1463  814  
1441  837  
1393  858  
1350  860  
1276  859  
1191  860  
1107  846  
1001  788  
963  733  
952  674  
976  609  
1046  538  
1435  669  
1437  666  
1439  665  
1441  668  
1445  675  
1450  690  
1452  702  
1452  712  
1449  720  
1442  726  
1428  729  
1419  727  
1412  721  
1407  710  
1404  699  
1403  693  
1402  692  
1403  697  
1403  705  
1401  713  
1397  719  
1388  724  
1380  724  
1373  720  
1365  712  
1356  701  
1348  690  
1344  680  
1344  679  
1346  682  
1351  695  
1355  719  
1354  774  
1347  810  
1335  836  
1314  852  
1273  863  
1185  864  
1109  835  
1024  770  
963  689  
938  617  
959  559  
1078  482  
1567  836  
1568  836  
1569  837  
1569  837  
1570  837  
1570  837  
1570  837  
1570  840  
1570  846  
1568  855  
1564  871  
1559  884  
1553  899  
1546  912  
1539  919  
1530  915  
1524  903  
1519  887  
1515  873  
1512  862  
1511  855  
1511  852  
1511  854  
1511  859  
1510  867  
1507  876  
1501  888  
1496  894  
1490  896  
1481  895  
1472  888  
1461  875  
1456  866  
1454  859  
1453  855  
1454  853  
1455  852  
1456  858  
1456  868  
1455  881  
1452  896  
1449  914  
1445  936  
1444  945  
1443  949  
1443  949  
1443  949  
1443  949  
1444  949  
1448  949  
1581  828  
1580  827  
1580  827  
1580  828  
1580  829  
1578  834  
1578  837  

