1410  982  
1399  977  
1391  970  
1386  959  
1383  944  
1382  924  
1378  892  
1375  874  
1371  856  
1365  837  
1357  819  
1344  789  
1335  769  
1326  749  
1317  734  
1309  722  
1303  713  
1294  705  
1291  704  
1290  703  
1290  707  
1293  713  
1303  727  
1315  737  
1331  746  
1350  756  
1372  765  
1411  775  
1440  779  
1470  781  
1497  782  
1519  781  
1537  779  
1558  775  
1569  772  
1577  769  
1582  765  
1585  762  
1586  756  
1587  754  
1587  753  
1586  751  
1585  751  
1583  751  
1580  753  
1576  757  
1571  765  
1563  774  
1554  784  
1537  800  
1522  811  
1506  823  
1487  835  
1464  848  
1427  867  
1405  880  
1386  893  
1372  909  
1360  932  
1341  969  
1327  993  
1312  1012  
1300  1026  
1290  1036  
1282  1043  
1273  1052  
1266  1055  
1258  1059  
1248  1062  
1235  1063  
1212  1064  
1194  1064  
1173  1062  
1147  1061  
1114  1060  
1056  1060  
1020  1063  
986  1065  
948  1066  

