1526  1265  
1758  848  
1754  854  
1729  851  
1709  849  
1682  847  
1644  846  
1598  849  
1490  865  
1435  866  
1383  861  
1338  853  
1285  848  
1206  853  
1166  859  
1122  863  
1079  863  
1044  860  
1014  855  
1003  851  
996  847  
993  843  
1049  600  
1021  611  
1003  618  
985  628  
967  640  
950  655  
935  671  
922  695  
920  711  
923  725  
932  736  
948  743  
978  749  
1003  749  
1030  747  
1056  744  
1079  741  
1103  738  
1111  737  
1112  737  
1109  740  
1099  746  
1081  756  
1049  777  
1024  793  
1002  810  
980  826  
957  843  
911  880  
882  927  
866  984  
863  1025  
868  1053  
886  1088  
902  1113  
922  1140  
947  1166  
975  1188  
1007  1206  
1067  1227  
1114  1236  
1161  1241  

