1264  264  
1255  273  
1245  283  
1236  296  
1227  309  
1215  332  
1210  349  
1209  364  
1210  378  
1216  391  
1231  406  
1244  413  
1260  416  
1276  416  
1294  414  
1311  409  
1336  398  
1352  390  
1366  381  
1376  374  
1384  367  
1392  358  
1395  354  
1397  351  
1398  349  
1399  349  
1399  348  
1399  348  
1399  348  
1399  348  
1399  348  
1399  348  
1399  348  
1399  348  
1399  348  
1398  349  
1396  350  
1390  354  
1383  358  
1373  365  
1361  374  
1346  387  
1319  412  
1299  431  
1278  453  
1257  477  
1235  504  
1214  536  
1185  586  
1170  621  
1157  658  
1147  698  
1140  743  
1140  809  
1146  843  
1155  872  
1166  903  
1179  937  
1209  987  
1241  1010  
1281  1021  
1320  1022  
1351  1014  
1378  1002  
1422  978  
1456  959  
1486  935  
1511  903  
1534  873  

