1530  1225  
1509  1226  
1490  1224  
1472  1220  
1448  1207  
1435  1195  
1423  1181  
1413  1164  
1403  1146  
1393  1127  
1377  1103  
1367  1090  
1356  1080  
1344  1073  
1330  1067  
1305  1063  
1287  1063  
1271  1064  
1258  1066  
1249  1069  
1241  1073  
1241  1075  
1242  1076  
1248  1076  
1259  1074  
1276  1069  
1310  1058  
1334  1051  
1357  1043  
1380  1035  
1405  1028  
1446  1021  
1472  1018  
1492  1018  
1505  1018  
1514  1019  
1521  1021  
1522  1021  
1522  1022  
1521  1023  
1517  1025  
1512  1028  
1499  1032  
1485  1036  
1467  1041  
1449  1047  
1434  1056  
1411  1075  
1395  1089  
1380  1106  
1367  1125  
1356  1145  
1338  1175  
1324  1194  
1308  1211  
1290  1227  
1272  1240  
1253  1251  
1222  1260  
1197  1262  
1169  1262  
1139  1258  
1107  1252  
1066  1238  
1044  1229  
1023  1223  
1015  1222  
1750  1123  
1743  1134  

