1044  955  
1069  992  
1102  1020  
1137  1041  
1188  1066  
1225  1075  
1266  1078  
1306  1075  
1341  1066  
1389  1044  
1423  1024  
1464  1003  
1498  974  
1458  470  
1460  470  
1461  470  
1456  465  
1450  460  
1441  452  
1432  441  
1422  429  
1406  408  
1396  392  
1390  376  
1387  360  
1387  344  
1396  322  
1408  311  
1423  302  
1441  297  
1461  296  
1479  299  
1503  309  
1514  318  
1518  329  
1515  342  
1504  357  
1473  383  
1443  403  
1409  425  
1371  450  
1330  478  
1285  511  
1212  570  
1162  615  
1112  664  
1068  721  
1032  782  
1005  856  
1003  911  
1006  979  
1013  1031  
1032  1065  
1087  1110  
1135  1135  
1183  1152  
1230  1159  
1277  1157  
1322  1146  
1382  1116  
1423  1090  
1465  1062  
1482  1047  
1278  263  
1279  259  
1279  254  
1280  253  
1280  253  
1280  252  
1278  253  
1275  255  

