1570  1285  
1606  1258  
1641  1216  
1778  943  
1775  949  
1771  961  
1764  976  
1753  994  
1741  1013  
1726  1030  
1693  1054  
1660  1066  
1621  1076  
1582  1082  
1545  1086  
1491  1088  
1456  1089  
1423  1087  
1396  1084  
1386  1082  
1348  895  
1340  898  
1335  910  
1328  928  
1322  950  
1317  980  
1319  996  
1325  1010  
1334  1019  
1345  1025  
1367  1029  
1386  1029  
1410  1025  
1438  1021  
1466  1017  
1497  1013  
1509  1012  
1515  1012  
1516  1012  
1515  1012  
1510  1016  
1495  1026  
1479  1036  
1460  1046  
1438  1056  
1415  1068  
1379  1086  
1354  1099  
1329  1114  
1304  1129  
1279  1143  
1247  1161  

