1669  1011  
1610  1016  
1562  1015  
1530  1011  
1502  1008  
1473  1005  
1436  998  
1422  988  
1413  974  
1409  954  
1408  929  
1408  889  
1406  865  
1402  842  
1393  821  
1381  801  
1359  776  
1344  766  
1331  762  
1323  763  
1318  769  
1318  778  
1329  795  
1345  807  
1365  818  
1390  827  
1421  834  
1477  837  
1509  836  
1534  833  
1552  829  
1565  825  
1577  822  
1580  821  
1580  821  
1580  821  
1578  821  
1574  824  
1564  832  
1556  840  
1546  850  
1537  861  
1527  873  
1510  894  
1498  911  
1480  929  
1453  945  
1424  959  
1381  979  
1354  995  
1317  1009  
1270  1016  
1223  1018  
1186  1016  
1124  1015  
1074  1018  
1029  1023  
993  1030  
950  1036  
878  1036  
845  1032  
822  1028  
800  1026  
778  1025  
747  1026  
740  1027  
1825  929  
1833  929  
1837  929  
1839  928  
1841  927  
1841  926  
1838  926  
1830  927  
1817  929  
1798  932  
1776  936  
1742  942  
1719  947  
1688  953  
1640  962  
1589  969  
1539  975  
1514  978  
1489  980  
1461  982  
1435  983  

