1231  1168  
1221  1172  
1215  1172  
1213  1173  
1216  1176  
1219  1178  
1750  1141  
1749  1142  
1745  1141  
1737  1141  
1720  1142  
1685  1147  
1656  1150  
1624  1155  
1588  1161  
1550  1169  
1490  1182  
1453  1187  
1425  1191  
1400  1189  
1402  965  
1376  992  
1365  1011  
1355  1029  
1348  1043  
1346  1056  
1348  1068  
1361  1084  
1377  1092  
1399  1098  
1427  1101  
1458  1102  
1505  1100  
1530  1098  
1549  1096  
1561  1096  
1567  1096  
1564  1101  
1555  1108  
1540  1119  
1519  1133  
1493  1147  
1463  1161  
1413  1181  
1378  1192  
1344  1202  
1312  1211  
1284  1218  
1251  1227  
1235  1232  
1224  1235  
1218  1236  
1218  1238  
1720  1160  
1719  1158  
1717  1158  
1715  1158  
1711  1160  
1705  1163  
1697  1168  
1679  1179  
1661  1188  
1640  1197  
1616  1205  
1590  1212  
1553  1221  

