882  977  
836  970  
816  968  
1821  895  
1829  897  
1829  900  
1818  904  
1799  907  
1762  909  
1738  908  
1712  904  
1676  900  
1623  899  
1572  903  
1522  913  
1485  917  
1442  917  
1404  915  
1378  909  
1351  899  
1326  888  
1320  885  
1316  882  
1317  882  
1355  671  
1345  674  
1333  679  
1323  684  
1313  689  
1300  700  
1293  709  
1286  721  
1281  735  
1277  750  
1276  772  
1278  786  
1284  797  
1293  806  
1304  813  
1318  819  
1339  825  
1352  827  
1365  828  
1377  828  
1389  827  
1405  824  
1412  822  
1417  820  
1419  819  
1420  819  
1420  819  
1419  820  
1417  823  
1413  827  
1409  831  
1403  836  
1393  843  
1385  847  
1377  851  
1367  855  
1356  856  
1333  857  
1310  857  
1280  858  
1245  861  
1213  867  
1173  876  
1142  880  
1102  881  
1061  880  
1029  876  

