1174  492  
1170  503  
1167  513  
1166  526  
1166  535  
1168  543  
1172  551  
1178  558  
1184  565  
1197  573  
1207  578  
1218  581  
1230  584  
1243  585  
1263  588  
1276  588  
1289  588  
1303  588  
1317  587  
1339  584  
1354  583  
1368  581  
1383  580  
1398  578  
1412  577  
1430  576  
1440  575  
1446  575  
1450  575  
1452  574  
1453  574  
1453  574  
1452  574  
1451  574  
1448  574  
1441  575  
1433  576  
1424  578  
1414  579  
1401  581  
1385  584  
1362  589  
1345  594  
1328  598  
1312  603  
1295  609  
1270  619  
1253  628  
1236  637  
1221  649  
1206  663  
1184  684  
1171  701  
1159  722  
1148  744  
1137  768  
1129  793  
1120  825  
1116  845  
1116  865  
1119  885  
1124  908  
1135  947  
1146  972  
1159  994  
1173  1014  
1189  1032  
1220  1054  
1246  1067  
1275  1078  
1304  1088  
1333  1097  
1361  1105  
1410  1115  
1448  1119  
1488  1120  
1526  1120  
1562  1120  
1613  1118  
1646  1116  
1676  1113  
1703  1109  
1727  1106  
1752  1103  
1793  1098  

