905  1066  
866  1064  
820  1058  
791  1056  
758  1056  
726  1058  
701  1060  
677  1067  
1782  982  
1779  979  
1775  980  
1765  984  
1739  989  
1719  996  
1691  1004  
1647  1009  
1595  1009  
1538  999  
1505  992  
1467  986  
1426  983  
1394  981  
1359  981  
1339  981  
1318  980  
1295  979  
1278  977  
1347  715  
1346  707  
1345  707  
1334  714  
1323  723  
1311  733  
1298  747  
1285  763  
1268  790  
1262  806  
1260  820  
1262  830  
1270  837  
1282  842  
1309  845  
1329  847  
1345  846  
1357  843  
1368  839  
1379  831  
1383  826  
1384  822  
1385  819  
1384  818  
1382  818  
1379  822  
1377  828  
1375  835  
1375  843  
1374  852  
1374  868  
1375  878  
1375  891  
1375  904  
1374  919  
1368  942  
1360  955  
1347  967  
1327  977  
1298  985  
1242  991  
1209  990  
1184  987  
1158  984  
1124  982  
1083  980  
1031  979  
1004  980  
973  981  
929  980  

