1757  963  
1740  965  
1723  969  
1705  973  
1669  978  
1641  980  
1612  978  
1588  974  
1572  969  
1558  959  
1552  951  
1548  942  
1546  931  
1545  918  
1545  898  
1545  887  
1546  877  
1547  867  
1548  857  
1550  847  
1552  831  
1554  820  
1554  808  
1554  797  
1554  786  
1554  769  
1554  759  
1554  750  
1554  745  
1554  743  
1554  743  
1554  744  
1554  748  
1555  754  
1555  764  
1555  776  
1552  797  
1550  810  
1547  823  
1544  835  
1540  848  
1534  869  
1530  884  
1526  899  
1524  915  
1522  932  
1517  952  
1514  963  
1508  973  
1498  981  
1481  988  
1457  993  
1415  998  
1386  1003  
1358  1009  
1325  1015  
1276  1016  
1202  1012  
1163  1008  
1118  1007  
1068  1009  
1026  1016  
971  1028  
928  1033  
887  1033  
856  1032  
836  1031  
820  1030  
803  1029  
794  1029  
788  1029  
784  1029  
783  1029  
783  1029  
783  1030  
786  1031  
786  1030  
1321  1145  
1321  1146  
1320  1145  
1318  1145  
1314  1146  
1311  1149  
1310  1152  
1310  1156  
1311  1160  
1316  1161  
1320  1161  
1324  1158  
1326  1154  
1326  1150  
1324  1145  
1321  1143  
1315  1143  
1308  1146  
1302  1151  
1298  1158  
1296  1168  
1300  1173  
1304  1175  
1308  1175  
1312  1174  
1315  1168  
1315  1163  
1315  1158  
1315  1155  
1311  1153  
1307  1153  
1724  900  
1725  901  
1724  901  
1721  901  

