1766  669  
1765  693  
1765  711  
1768  731  
1771  752  
1773  774  
1775  795  
1776  821  
1775  835  
1771  848  
1765  860  
1756  871  
1740  883  
1727  890  
1711  894  
1687  897  
1648  902  
1576  915  
1538  925  
1501  932  
1450  936  
1395  936  
1346  937  
1241  941  
1180  945  
1125  947  
1065  947  
1016  947  
937  944  
875  941  
835  936  
811  930  
787  923  
749  908  
725  895  
705  883  
693  870  
683  855  
676  840  
667  815  
662  795  
658  771  
654  745  
652  718  
651  680  
651  656  
654  633  
659  610  
663  589  
668  569  
677  544  
683  530  
689  518  
695  508  
1295  1072  
1294  1070  
1294  1070  
1292  1070  
1289  1071  
1280  1076  
1275  1080  
1274  1085  
1275  1088  
1279  1091  
1289  1092  
1296  1091  
1301  1088  
1305  1085  
1308  1080  
1308  1076  
1304  1071  
1298  1071  
1287  1071  
1275  1075  
1264  1080  
1257  1088  
1259  1094  
1265  1099  
1275  1101  
1286  1102  
1301  1099  
1307  1096  
1308  1092  
1308  1089  
1305  1086  
1299  1084  
1288  1085  
1282  1088  
1279  1091  
1281  1093  
1286  1095  
1298  1096  
1303  1094  
1303  1092  
1300  1088  
1734  447  
1730  446  

