1139  733  
1173  741  
1199  753  
1222  772  
1244  788  
1378  1062  
1377  1062  
1378  1058  
1382  1052  
1387  1052  
1385  1051  
2004  618  
2008  622  
2005  626  
1989  637  
1968  646  
1939  657  
1901  669  
1852  682  
1759  709  
1691  732  
1621  755  
1548  781  
1463  802  
1377  815  
1258  826  
1181  836  
1108  843  
1047  841  
1009  832  
979  816  
971  804  
974  791  
987  777  
1011  763  
1051  749  
1128  734  
1179  727  
1224  723  
1263  723  
1295  724  
1330  729  
1343  731  
1354  734  
2099  588  
2097  585  
2092  586  
2083  590  
2070  596  
2036  610  
2004  619  
1962  627  
1911  636  
1850  647  

