1375  1143  
1376  1144  
1379  1146  
1513  690  
1512  677  
1509  672  
1509  678  
1509  688  
1511  702  
1516  719  
1522  739  
1535  775  
1544  798  
1551  816  
1556  830  
1556  841  
1550  858  
1538  870  
1520  882  
1489  893  
1444  901  
1378  903  
1339  898  
1288  895  
1234  898  
1198  905  
1178  913  
1158  922  
1152  924  
1154  925  
1348  997  
1350  1002  
1353  1010  
1352  1011  
1602  720  
1602  717  
1601  717  
1604  726  
1607  736  
1609  751  
1613  769  
1618  787  

