1743  667  
1665  680  
1584  696  
1493  714  
1396  733  
1303  752  
1173  785  
1086  805  
1013  816  
958  821  
912  826  
862  834  
845  837  
836  838  
833  838  
832  836  
836  832  
842  828  
849  824  
859  820  
871  815  
885  810  
907  803  
923  797  
941  790  
959  783  
977  776  
1000  767  
1014  761  
1027  756  
1041  751  
1052  747  
1066  741  
1075  738  
1084  735  
1093  732  
1100  729  
1106  727  
1111  725  
1112  725  
1112  725  
1112  725  
1112  725  
1111  725  
1109  726  
1108  728  
1104  730  
1102  732  
1495  868  
1493  866  
1493  866  
1495  867  
1496  865  

