1389  1120  
1393  1122  
1395  1124  
1549  671  
1549  672  
1547  670  
1547  670  
1547  670  
1549  670  
1550  672  
1552  675  
1554  682  
1557  692  
1564  710  
1570  724  
1576  739  
1581  756  
1586  776  
1590  804  
1591  820  
1589  833  
1582  846  
1572  859  
1559  873  
1533  899  
1509  916  
1471  928  
1423  935  
1381  940  
1319  949  
1261  954  
1213  954  
1185  950  
1164  940  
1394  1004  
1393  1002  
1393  1003  
1398  1010  
1404  1015  
1527  678  
1524  674  
1524  674  
1524  674  
1524  674  
1524  676  
1525  679  
1527  682  
1530  686  
1534  691  
1542  703  

