1547  713  
1553  726  
1559  741  
1566  757  
1572  773  
1580  793  
1585  805  
1588  816  
1589  824  
1590  830  
1590  837  
1589  840  
1588  841  
1587  842  
1587  842  
1585  842  
1580  843  
1574  845  
1566  846  
1556  847  
1544  850  
1519  855  
1493  860  
1457  864  
1415  865  
1376  864  
1315  858  
1258  860  
1205  869  
1162  880  
1113  887  
1062  888  
1006  884  
971  880  
926  878  
880  880  
847  886  
821  896  
810  900  
801  903  
797  905  
797  907  
807  911  
811  908  
1192  984  
1194  985  
1200  986  
1202  987  
1205  990  

