1716  899  
1709  898  
1692  896  
1673  896  
1649  897  
1618  901  
1588  906  
1553  918  
1533  925  
1514  930  
1493  934  
1467  936  
1442  936  
1413  932  
1398  927  
1386  920  
1378  911  
1372  901  
1365  887  
1361  878  
1357  869  
1354  861  
1351  854  
1347  843  
1345  837  
1344  831  
1343  826  
1342  821  
1341  817  
1341  814  
1341  813  
1341  812  
1341  813  
1342  815  
1345  822  
1347  828  
1348  834  
1350  842  
1352  850  
1356  865  
1359  875  
1361  886  
1362  897  
1362  910  
1361  924  
1355  943  
1347  953  
1334  962  
1314  970  
1286  975  
1233  979  
1202  979  
1175  978  
1145  977  
1105  977  
1042  983  
1011  990  
977  999  
931  1005  
885  1005  
853  999  
825  988  
812  981  
800  974  
790  966  
782  958  
774  943  
771  932  
771  919  
772  905  
776  893  
784  876  
790  866  
796  856  
803  847  
809  839  
818  832  
832  823  
842  818  
853  815  
863  813  
873  812  
886  812  
893  812  
900  813  
901  812  
1152  1114  
1145  1107  
1146  1108  
1145  1108  
1144  1107  
1143  1107  
1142  1109  
1142  1112  
1144  1114  
1146  1115  
1149  1116  
1151  1116  
1154  1115  
1154  1114  
1154  1112  
1154  1110  
1153  1110  
1150  1109  
1148  1110  
1147  1111  
1147  1112  
1147  1112  
1149  1113  
1149  1113  
1150  1114  
1148  1112  
1755  653  
1752  647  

