1694  828  
1689  846  
1689  860  
1690  877  
1691  901  
1691  934  
1682  976  
1671  995  
1652  1008  
1624  1015  
1592  1016  
1562  1012  
1514  1001  
1470  995  
1424  989  
1387  984  
1358  978  
1306  962  
1264  941  
1233  916  
1217  892  
1215  876  
1230  858  
1255  847  
1283  840  
1311  839  
1336  840  
1357  843  
1388  849  
1413  853  
1439  856  
1464  859  
1483  861  
1500  867  
1507  872  
1506  873  
1501  1093  
1485  1087  
1475  1087  
1474  1089  
1477  1092  
1481  1092  
1485  1091  
1491  1088  
1497  1085  
1502  1084  
1504  1083  
1505  1085  
2055  657  
2050  652  
2051  650  
2051  652  
2050  656  
2048  666  
2046  679  
2043  695  

