1855  759  
1873  771  
1884  778  
1896  785  
1908  792  
1919  798  
1933  809  
1942  815  
1949  821  
1956  826  
1961  829  
1966  832  
1972  836  
1973  838  
1973  841  
1971  844  
1967  847  
1957  855  
1947  864  
1934  878  
1918  901  
1902  933  
1878  982  
1861  1009  
1837  1031  
1808  1052  
1778  1072  
1750  1092  
1708  1122  
1678  1142  
1644  1162  
1609  1179  
1573  1195  
1516  1216  
1476  1229  
1434  1240  
1393  1248  
1355  1253  
1301  1257  
1265  1257  
1228  1255  
1192  1252  
1155  1247  
1117  1239  

