1191  755  
1182  749  
1169  739  
1162  733  
1153  725  
1144  717  
1135  709  
1122  697  
1114  690  
1107  685  
1100  682  
1095  679  
1090  677  
1089  677  
1089  677  
1090  679  
1093  682  
1097  686  
1108  695  
1117  704  
1127  713  
1138  722  
1150  731  
1168  745  
1179  756  
1189  766  
1197  777  
1203  787  
1208  797  
1213  808  
1215  816  
1216  823  
1216  830  
1214  838  
1208  853  
1202  866  
1196  881  
1190  898  
1185  920  
1178  955  
1172  975  
1166  995  
1158  1012  
1146  1027  
1133  1040  
1107  1060  
1086  1074  
1066  1086  
1046  1098  
1025  1111  
993  1129  
970  1140  
947  1149  
922  1157  
897  1163  
860  1168  
837  1168  
812  1169  
786  1168  
758  1167  
727  1165  
681  1163  
649  1160  
635  1159  
1741  446  
1737  445  
1711  445  
1693  451  
1673  459  
1656  469  
1643  481  
1635  498  

