1252  526  
1255  530  
1262  540  
1268  548  
1274  558  
1281  568  
1290  578  
1304  595  
1313  606  
1322  616  
1329  625  
1335  635  
1338  650  
1338  662  
1333  673  
1326  687  
1317  702  
1306  721  
1285  752  
1268  774  
1250  795  
1230  814  
1210  832  
1180  863  
1157  889  
1128  919  
1092  948  
1057  975  
1016  1014  
988  1036  
954  1054  
917  1068  
884  1080  
856  1092  
817  1109  
789  1120  
757  1128  
725  1131  
1629  772  
1640  772  
1644  772  
1648  772  
1652  771  
1653  771  
1653  772  
1649  773  
1643  775  
1634  776  
1621  777  
1606  778  
1579  780  
1558  782  
1533  785  
1504  787  
1468  789  
1411  790  
1376  789  
1346  786  
1316  783  
1289  780  
1252  773  
1232  769  
1215  765  
1202  760  

