1828  750  
1830  755  
1830  762  
1832  772  
1833  784  
1836  799  
1841  821  
1844  835  
1845  849  
1846  864  
1846  882  
1844  907  
1837  956  
1830  988  
1821  1016  
1808  1039  
1794  1061  
1771  1094  
1754  1117  
1736  1140  
1717  1162  
1696  1183  
1658  1209  
1631  1225  
1602  1238  
1573  1249  
1542  1258  
1508  1265  
1449  1273  
1407  1276  
1368  1277  
1335  1277  
1304  1275  
1276  1271  
1804  724  
1804  724  
1802  726  
1803  726  
1805  728  
1811  732  
1817  735  
1825  738  
1835  743  
1845  751  

