1827  1064  
1856  1061  
1869  1059  
1870  1058  
1867  1060  
2292  722  
2283  723  
2264  724  
2216  729  
2171  733  
2118  736  
2062  737  
2001  739  
1895  747  
1810  755  
1724  764  
1648  773  
1580  784  
1518  797  
1432  809  
1387  810  
1359  806  
1299  679  
1386  680  
1437  681  
1491  683  
1561  689  
1600  696  
1647  714  
1654  721  
1645  731  
1619  741  
1577  753  
1521  767  
1453  782  
1384  796  
1288  815  
1222  833  
1162  855  
1098  874  
1042  885  
989  890  
956  891  
921  892  
895  896  
883  904  
881  909  
2412  730  
2413  728  
2410  726  
2403  726  
2391  727  
2371  732  
2344  737  
2311  743  
2250  750  
2203  755  
2151  759  
2097  763  

