2044  767  
1960  775  
1902  784  
1838  793  
1770  800  
1711  803  
1629  808  
1581  815  
1542  822  
1510  828  
1482  831  
1461  831  
1455  830  
1325  731  
1323  727  
1327  722  
1339  714  
1359  706  
1389  697  
1453  688  
1502  686  
1548  688  
1591  695  
1629  706  
1659  720  
1689  743  
1697  759  
1692  776  
1674  792  
1640  805  
1569  826  
1512  842  
1443  858  
1381  869  
1329  881  
1236  933  
1194  971  
1175  999  
1165  1020  
1165  1038  
1176  1055  
1216  1077  
1259  1086  
1311  1090  
1366  1090  
1430  1089  
1535  1087  
1602  1086  
1667  1080  
1723  1072  
1778  1065  
1856  1059  
1891  1058  
1916  1058  
1934  1059  
1947  1061  
1954  1061  
1960  1062  
1957  1061  
1949  1059  
2293  723  
2297  725  
2298  725  
2296  727  
2282  734  
2262  738  
2233  742  
2195  745  
2152  747  
2107  748  

