1218  1159  
1255  1162  
1291  1163  
1324  1163  
1354  1160  
1381  1158  
1416  1155  
1435  1153  
1448  1153  
1452  1151  
1519  719  
1519  708  
1519  700  
1520  692  
1522  683  
1526  668  
1531  656  
1536  644  
1541  635  
1545  628  
1549  622  
1551  621  
1554  621  
1558  623  
1562  628  
1569  641  
1576  654  
1583  668  
1593  683  
1603  699  
1615  717  
1636  739  
1650  751  
1664  762  
1677  772  
1689  780  
1700  789  
1703  792  
1703  795  
1698  798  
1687  800  
1661  801  
1637  802  
1608  803  
1576  806  
1542  809  
1504  812  
1433  814  
1389  814  
1351  812  
1315  810  
1281  808  
1236  808  
1214  811  
1198  813  
1187  816  
1179  820  
1172  826  
1169  831  
1167  831  
1118  377  

