1292  808  
1290  806  
1290  803  
1289  799  
1288  793  
1288  786  
1288  773  
1289  763  
1291  753  
1294  742  
1299  733  
1309  722  
1317  716  
1327  711  
1339  708  
1354  707  
1381  707  
1401  707  
1424  708  
1449  710  
1476  713  
1505  717  
1547  724  
1575  729  
1603  734  
1632  739  
1661  744  
1705  749  
1732  750  
1760  750  
1786  748  
1809  747  
1830  745  
1835  744  
1833  742  
1825  741  
1808  740  
1784  740  
1739  741  
1703  744  
1665  748  
1623  754  
1580  766  
1516  793  
1467  813  
1419  832  
1380  846  
1350  860  
1306  895  
1279  939  
1264  985  
1262  1019  
1268  1043  
1280  1062  
1307  1088  
1332  1102  
1360  1114  
1392  1122  
1430  1124  
1491  1117  
1525  1109  
1554  1100  
1579  1091  
1603  1081  
1639  1064  
1650  1059  
1099  831  
1097  830  
1093  826  
1091  824  
1089  821  
1087  817  
1083  809  
1080  801  
1077  791  
1074  781  
1072  773  
1071  766  
1070  760  
1072  755  
1077  750  
1085  746  
1096  743  

