1118  741  
1134  740  
1154  740  
1174  740  
1195  739  
1228  739  
1252  741  
1278  743  
1307  746  
1337  748  
1368  750  
1418  753  
1454  754  
1491  756  
1526  757  
1557  757  
1600  757  
1627  757  
1652  757  
1674  758  
1694  759  
1718  759  
1729  759  
1734  758  
1735  757  
1732  756  
1724  755  
1702  755  
1684  756  
1662  758  
1636  760  
1607  763  
1566  770  
1539  775  
1509  782  
1475  789  
1436  796  
1385  803  
1357  806  
1332  809  
1304  813  
1272  819  
1236  829  
1192  847  
1173  861  
1157  875  
1141  893  
1123  917  
1094  958  
1080  984  
1074  1010  
1076  1032  
1087  1053  
1117  1084  
1139  1104  
1162  1123  
1187  1143  
1216  1159  
1248  1172  
1297  1185  
1328  1191  
1357  1194  
1388  1195  
1420  1193  
1469  1185  
1499  1177  
1524  1167  
1546  1155  
1564  1141  
1583  1122  
1590  1111  
1594  1100  

