1612  785  
1574  784  
1551  784  
1531  782  
1513  781  
1497  780  
1478  778  
1467  777  
1265  722  
1270  717  
1274  702  
1279  693  
1285  683  
1291  673  
1297  660  
1304  647  
1316  629  
1324  618  
1333  608  
1343  598  
1352  590  
1366  584  
1374  584  
1382  588  
1390  595  
1399  604  
1414  621  
1425  633  
1437  647  
1452  661  
1470  674  
1490  685  
1521  699  
1541  705  
1561  709  
1579  710  
1595  710  
1615  709  
1624  707  
1630  706  
1633  705  
1633  705  
1630  704  
1626  705  
1619  708  
1611  712  
1600  717  
1588  723  
1566  733  
1548  741  
1528  749  
1504  759  
1475  769  
1424  782  
1391  788  
1360  792  
1329  794  
1296  795  
1261  797  
1213  799  
1184  800  
1154  800  
1121  798  
1088  795  
1045  787  
1022  780  
1003  773  
987  764  
974  756  

