2036  843  
1958  848  
1837  870  
1752  875  
1667  877  
1583  888  
1521  907  
1468  921  
1401  922  
1386  916  
1572  798  
1676  810  
1710  821  
1733  837  
1729  847  
1708  855  
1585  890  
1477  947  
1401  986  
1330  1025  
1259  1058  
1199  1089  
1161  1124  
1139  1176  
1149  1203  
1177  1224  
1223  1239  
1281  1245  
1388  1242  
1471  1235  
1551  1225  
1621  1216  
1682  1207  
1761  1195  
1808  1186  
1846  1177  
1870  1168  
1875  1160  
1251  834  
1257  828  
1293  823  
1322  819  
1351  816  
1381  813  
1415  807  
1474  796  
1511  787  
1544  780  
1573  775  
1601  774  
1625  773  

