1244  1162  
1262  1150  
1125  1029  
1125  1029  
1127  1031  
1129  1031  
1130  1032  
1131  1033  
1131  1033  
1130  1036  
1115  429  
1111  423  
1107  412  
1105  407  
1104  400  
1103  391  
1104  381  
1109  365  
1114  355  
1121  344  
1131  335  
1142  326  
1156  319  
1183  311  
1204  307  
1230  304  
1259  304  
1288  305  
1334  311  
1364  318  
1392  326  
1417  335  
1437  346  
1458  363  
1467  375  
1470  387  
1468  399  
1459  412  
1442  425  
1408  445  
1382  458  
1354  472  
1323  488  
1289  505  
1240  534  
1210  557  
1185  580  
1164  602  
1146  626  
1122  665  
1107  697  
1096  732  
1088  771  
1084  808  
1085  839  
1100  881  
1117  911  
1137  943  
1159  971  
1183  996  
1226  1024  
1263  1034  
1301  1036  
1332  1033  
1355  1026  
1384  1010  
1404  996  
1421  980  

