1893  484  
1891  486  
1891  489  
1514  885  
1514  877  
1516  872  
1519  864  
1523  855  
1528  839  
1531  827  
1535  813  
1538  796  
1542  778  
1547  750  
1551  734  
1554  720  
1558  709  
1563  701  
1566  696  
1575  697  
1582  703  
1592  713  
1602  725  
1615  741  
1638  768  
1655  787  
1674  805  
1693  821  
1709  835  
1726  853  
1732  862  
1734  870  
1732  875  
1724  878  
1710  878  
1674  875  
1637  873  
1598  873  
1567  875  
1544  875  
1514  874  
1496  869  
1478  862  
1463  854  
1452  845  
1445  836  
1441  821  
1439  811  
1438  801  
1438  792  
1438  785  
1438  779  
1438  779  
1439  780  
1442  785  
1445  794  
1452  812  
1458  824  
1464  836  
1470  849  
1476  862  
1479  873  
1477  888  
1469  898  
1455  908  
1435  917  
1413  922  
1378  927  
1354  928  
1320  930  
1271  933  
1225  936  
1182  938  
1161  939  
1141  939  
1122  939  
1106  939  
1093  937  
1088  936  
1554  569  
1553  569  
1550  572  
1546  574  
1542  576  
1539  578  
1537  580  
1537  583  
1541  583  
1545  583  
1550  581  
1555  579  
1558  574  
1558  572  
1556  571  
1551  572  
1544  576  
1538  580  
1537  586  
1541  588  
1546  589  
1549  588  
1551  585  
1552  580  
1553  578  
1883  875  
1884  877  
1880  879  
1872  882  

