1527  1121  
1527  1124  
1525  1133  
1525  1138  
1542  973  
1541  967  
1538  960  
1539  951  
1541  936  
1545  916  
1554  886  
1563  868  
1574  854  
1586  841  
1599  831  
1613  823  
1634  814  
1648  812  
1661  812  
1673  816  
1683  823  
1692  837  
1693  849  
1687  861  
1674  871  
1651  880  
1598  896  
1565  904  
1541  906  
1521  902  
1501  894  
1481  883  
1455  867  
1444  857  
1439  850  
1438  847  
1439  847  
1449  854  
1461  863  
1474  875  
1485  890  
1492  912  
1498  950  
1499  976  
1497  999  
1490  1017  
1475  1029  
1451  1037  
1409  1044  
1380  1043  
1352  1038  
1322  1029  
1285  1012  
1225  960  
1200  918  
1186  886  
1178  867  
1174  851  
1180  830  
1194  816  
1216  803  
1244  792  
1278  784  
1499  687  
1499  691  
1499  689  
1505  703  
1507  712  
1356  1088  
1356  1088  
1357  1082  
1361  1077  
1367  1071  
1381  1059  
1392  1050  
1404  1041  
1417  1031  
1430  1022  
1455  1007  
1473  996  
1488  986  

