1473  838  
1476  829  
1478  818  
1482  804  
1486  786  
1493  752  
1498  727  
1504  701  
1512  676  
1520  652  
1528  630  
1541  603  
1551  588  
1561  577  
1573  570  
1586  566  
1607  570  
1622  579  
1638  592  
1655  609  
1672  629  
1696  663  
1708  687  
1716  713  
1719  739  
1717  766  
1708  790  
1686  816  
1664  827  
1636  834  
1602  841  
1571  847  
1535  851  
1513  849  
1491  843  
1471  831  
1454  816  
1438  782  
1433  755  
1432  728  
1431  701  
1431  677  
1431  656  
1431  633  
1431  624  
1431  621  
1431  622  
1433  628  
1436  652  
1437  676  
1437  707  
1439  746  
1440  788  
1442  846  
1441  882  
1436  923  
1426  969  
1411  1007  
1393  1038  
1359  1071  
1329  1089  
1292  1102  
1251  1109  
1209  1110  
1146  1101  
1101  1089  
1059  1075  
1026  1060  
1002  1043  
977  1006  
959  959  
944  902  
935  860  
934  833  
938  805  
954  753  
972  715  
997  682  
1028  651  
1065  624  
1124  590  
1590  444  
1594  446  
1594  443  
1591  441  
1588  441  
1582  444  
1578  449  
1577  453  
1576  457  
1578  459  
1583  459  
1586  458  
1588  455  
1589  453  
1588  451  
1582  450  
1577  451  
1573  453  
1573  455  
1575  455  
1579  455  
1585  454  
1585  451  
1583  451  
1800  893  

