921  967  
914  966  
918  965  
931  964  
954  959  
965  953  
1398  722  
1399  724  
1401  722  
1403  728  
1407  738  
1311  1140  
1312  1135  
1317  1127  
1331  1113  
1344  1102  
1359  1088  
1376  1073  
1397  1055  
1423  1037  
1469  1011  
1499  996  
1523  981  
1546  966  
1574  950  
1639  931  
1682  926  
1711  928  
1732  936  
1752  945  
1785  962  
1805  973  
1818  985  
1825  998  
1825  1009  
1817  1019  
1790  1035  
1764  1043  
1736  1051  
1705  1059  
1667  1066  
1596  1071  
1547  1072  
1495  1072  
1436  1074  
1382  1077  
1314  1082  
1267  1082  
1226  1082  
1194  1080  
1170  1077  
1152  1075  
1140  1074  
1137  1073  
1143  1070  
1381  762  
1388  732  
1396  707  
1408  680  
1413  667  
1419  660  
1424  658  

