1005  1030  
975  1037  
949  1039  
917  1039  
887  1036  
861  1030  
836  1017  
823  1004  
813  989  
803  974  
796  958  
789  940  
784  912  
783  895  
783  881  
784  868  
788  854  
796  836  
803  825  
808  814  
814  802  
818  792  
824  778  
830  772  
839  767  
844  764  
1404  963  
1404  969  
1401  997  
1403  1018  
1404  1030  
1403  1039  
1399  1036  
1395  1026  
1393  1002  
1394  963  
1408  890  
1422  846  
1440  802  
1459  753  
1479  708  
1515  663  
1549  649  
1588  647  
1628  657  
1664  676  
1695  701  
1728  745  
1736  772  
1734  797  
1720  816  
1695  828  
1622  840  
1562  852  
1506  865  
1452  872  
1407  875  
1374  880  
1365  886  
1361  900  
1358  925  
1353  958  
1340  992  
1291  1036  
1244  1057  

