1858  886  
1835  890  
1787  894  
1754  895  
1725  895  
1696  893  
1656  893  
1588  897  
1558  902  
1538  905  
1523  904  
1511  902  
1498  895  
1491  888  
1486  879  
1483  870  
1481  858  
1482  844  
1487  820  
1491  801  
1495  779  
1499  757  
1503  737  
1510  712  
1515  700  
1519  692  
1524  687  
1530  687  
1542  691  
1552  700  
1563  711  
1575  725  
1587  739  
1598  753  
1612  776  
1617  789  
1619  801  
1617  809  
1609  817  
1588  827  
1571  833  
1553  839  
1532  845  
1510  851  
1473  855  
1446  854  
1424  850  
1408  844  
1396  838  
1386  830  
1378  817  
1374  806  
1371  795  
1370  784  
1369  774  
1368  764  
1367  762  
1367  761  
1367  763  
1367  767  
1369  779  
1370  788  
1370  799  
1370  810  
1370  819  
1369  827  
1364  836  
1357  841  
1347  844  
1333  845  
1311  845  
1266  847  
1232  851  
1204  857  
1179  863  
1153  869  
1107  873  
1077  873  
1054  871  
1037  868  
1032  867  
1521  573  
1524  573  
1522  569  
1522  567  
1521  566  
1518  566  
1516  566  
1513  569  
1512  572  
1513  576  
1516  577  
1519  578  
1524  577  
1528  576  
1530  572  
1530  571  
1530  570  
1528  570  
1524  570  
1521  570  
1519  572  
1519  572  
1519  572  
1521  572  
1521  572  

