1802  886  
1806  870  
1810  859  
1813  846  
1817  832  
1822  816  
1831  784  
1838  758  
1843  732  
1848  708  
1852  687  
1860  659  
1865  643  
1869  630  
1874  620  
1877  613  
1881  609  
1888  610  
1895  615  
1903  623  
1912  636  
1922  652  
1937  682  
1947  706  
1958  731  
1970  755  
1980  779  
1989  801  
1998  827  
1999  842  
1992  856  
1976  869  
1954  881  
1921  899  
1902  909  
1886  914  
1873  914  
1860  909  
1842  898  
1830  889  
1821  878  
1812  867  
1804  853  
1795  834  
1790  822  
1786  809  
1782  797  
1779  787  
1778  779  
1776  774  
1776  774  
1777  777  
1780  784  
1783  796  
1788  815  
1789  828  
1789  841  
1787  853  
1782  865  
1771  881  
1759  890  
1744  898  
1727  902  
1704  903  
1666  903  
1585  910  
1543  918  
1504  925  
1454  929  
1402  929  
1344  930  
1296  931  
1244  934  
1208  937  
1189  940  
1175  941  
1162  944  
1890  468  
1892  467  
1894  468  
1893  468  
1891  469  
1888  472  
1885  478  
1883  485  
1883  490  
1887  497  
1892  497  
1897  497  
1901  494  
1905  490  
1906  485  
1905  479  
1902  477  
1896  476  
1890  478  
1886  479  
1885  481  
1886  481  
1888  482  
1891  482  
1892  482  
1893  482  

