1368  1092  
1370  1089  
1370  1089  
1375  1093  
1377  1097  
1568  1307  
1563  1306  
1563  1305  
1562  1295  
1562  1284  
1565  1269  
1569  1252  
1575  1233  
1581  1212  
1593  1185  
1604  1170  
1616  1162  
1629  1158  
1641  1159  
1655  1173  
1663  1187  
1669  1202  
1673  1216  
1674  1231  
1668  1254  
1657  1268  
1642  1279  
1623  1286  
1599  1288  
1572  1286  
1533  1278  
1513  1270  
1498  1261  
1486  1252  
1478  1245  
1473  1238  
1472  1238  
1473  1239  
1477  1243  
1483  1250  
1493  1264  
1498  1273  
1500  1283  
1500  1291  
1499  1298  
1495  1304  
1480  1310  
1463  1313  
1440  1313  
1411  1313  
1375  1313  
1314  1312  
1270  1312  
1226  1311  
1181  1311  
1135  1311  
1073  1311  
1042  1311  
1020  1310  
1006  1309  
999  1309  
996  1308  
997  1308  
1000  1310  
1006  1312  
1014  1312  
1028  1310  

