1199  1074  
1157  1088  
1109  1096  
1036  1093  
998  1081  
970  1063  
947  1039  
930  997  
924  929  
938  856  
956  833  
979  812  
1010  790  
1055  765  
1079  750  
1475  564  
1483  585  
1368  1029  
1360  1054  
1352  1080  
1351  1086  
1351  1086  
1354  1071  
1362  1046  
1372  1007  
1383  949  
1394  887  
1424  805  
1452  747  
1487  696  
1528  660  
1575  639  
1623  634  
1684  651  
1713  676  
1729  708  
1733  742  
1723  775  
1675  813  
1615  831  
1545  849  
1472  863  
1405  867  
1353  865  
1336  866  
1326  874  
1320  897  
1315  943  

