1501  977  
1513  968  
1529  955  
1540  947  
1550  941  
1560  936  
1572  933  
1586  930  
1615  928  
1636  928  
1654  932  
1669  936  
1680  941  
1693  951  
1698  958  
1701  965  
1703  972  
1703  979  
1699  992  
1692  1001  
1682  1011  
1669  1019  
1654  1026  
1634  1032  
1600  1038  
1579  1040  
1560  1041  
1541  1041  
1523  1041  
1493  1038  
1470  1035  
1446  1033  
1424  1029  
1408  1026  
1395  1021  
1380  1014  
1373  1009  
1368  1004  
1363  999  
1360  995  
1358  990  
1357  989  
1357  988  
1357  987  
1357  987  
1357  991  
1358  996  
1359  1002  
1360  1009  
1362  1015  
1364  1022  
1365  1032  
1367  1039  
1367  1045  
1365  1052  
1361  1060  
1347  1072  
1334  1080  
1318  1087  
1297  1094  
1272  1101  
1232  1109  
1203  1112  
1174  1113  
1142  1109  
1108  1103  
1076  1096  
1039  1082  
1022  1072  
1011  1062  
1006  1051  
1005  1039  
1010  1020  
1017  1005  
1028  990  
1040  974  
1058  962  
1463  878  
1475  880  
1479  881  
1482  884  
1485  889  

