1765  1043  
1755  1048  
1740  1050  
1724  1047  
1706  1041  
1679  1029  
1661  1021  
1646  1013  
1633  1007  
1624  1006  
1617  1016  
1617  1027  
1619  1038  
1620  1048  
1618  1056  
1603  1064  
1587  1065  
1571  1062  
1553  1054  
1536  1043  
1519  1030  
1500  1013  
1493  1004  
1489  1000  
1489  1000  
1491  1004  
1500  1019  
1512  1034  
1527  1050  
1544  1068  
1562  1088  
1588  1127  
1602  1158  
1611  1189  
1616  1218  
1614  1242  
1604  1263  
1573  1285  
1539  1293  
1494  1293  
1443  1285  
1394  1268  
1330  1231  
1293  1200  
1263  1167  
1244  1133  
1238  1103  
1254  1063  
1584  808  
1577  811  
1574  819  
1573  826  
1572  832  
1572  834  
1571  832  
1574  825  
1578  815  
1582  804  
1588  795  
1600  787  
1611  787  
1627  792  
1644  801  
1662  812  
1668  816  
1707  869  
1705  866  

