1764  875  
1715  878  
1667  880  
1610  888  
1564  904  
1531  922  
1484  940  
1450  947  
1423  952  
1406  955  
1392  956  
1380  954  
1378  948  
1378  937  
1380  922  
1383  907  
1384  891  
1385  882  
1386  875  
1387  871  
1387  870  
1387  869  
1384  874  
1380  883  
1375  898  
1367  920  
1358  944  
1339  974  
1322  990  
1302  1000  
1285  1001  
1271  995  
1253  972  
1248  949  
1250  918  
1256  891  
1262  878  
1263  874  
1263  876  
1255  887  
1240  915  
1221  949  
1205  976  
1186  997  
1175  1000  
1165  999  
1157  991  
1151  978  
1147  964  
1144  950  
1144  948  
1143  949  
1140  959  
1136  978  
1122  1014  
1105  1035  
1082  1056  
1056  1077  
1028  1099  
985  1128  
960  1141  
942  1146  
928  1144  
917  1134  
910  1116  
907  1084  
912  1062  
929  1035  
959  991  
986  938  
1010  890  
1021  874  
1032  864  
1044  854  
1057  845  
1064  838  
1223  801  
1216  799  
1226  799  
1240  799  
1257  797  
1273  795  
1290  793  
1314  790  
1329  788  
1343  785  
1355  777  
1358  769  
1268  713  

