2159  785  
2118  798  
2071  809  
1981  824  
1916  841  
1846  861  
1771  875  
1702  881  
1593  902  
1537  925  
1500  939  
1461  946  
1428  946  
1405  938  
1398  927  
1397  913  
1402  895  
1411  878  
1423  860  
1447  831  
1459  813  
1466  801  
1468  793  
1468  792  
1462  797  
1449  812  
1430  832  
1409  856  
1385  882  
1356  932  
1331  968  
1299  995  
1268  1008  
1246  1008  
1232  995  
1222  952  
1222  915  
1226  884  
1232  868  
1236  861  
1235  862  
1227  874  
1211  905  
1194  946  
1176  977  
1150  1003  
1134  1008  
1120  1006  
1108  996  
1100  982  
1094  971  
1089  967  
1085  975  
1075  997  
1064  1030  
1052  1065  
1025  1119  
942  1220  
908  1241  
859  1254  
835  1249  
818  1235  
809  1207  
809  1166  
818  1122  
843  1066  
867  1033  
906  984  
954  918  
1156  719  
1165  691  
1175  659  
1188  629  
1202  596  
1217  564  
1233  536  

