1675  1028  
1667  1035  
1656  1035  
1640  1032  
1614  1024  
1588  1011  
1569  997  
1554  978  
1549  970  
1547  968  
1547  969  
1548  977  
1553  996  
1556  1008  
1556  1016  
1554  1022  
1548  1023  
1539  1023  
1516  1016  
1497  1009  
1478  1001  
1458  991  
1442  982  
1428  968  
1422  960  
1419  956  
1419  954  
1420  953  
1426  955  
1434  959  
1444  963  
1456  968  
1468  973  
1476  977  
1486  982  
1490  985  
1494  988  
1497  992  
1500  996  
1502  999  
1503  1001  
1505  1001  
1505  1001  
1505  1002  
1506  1003  
1507  1005  
1507  1006  
1508  1008  
1509  1010  
1509  1012  
1510  1014  
1511  1016  
1512  1018  
1512  1021  
1513  1024  
1515  1028  
1516  1032  
1517  1037  
1519  1042  
1519  1049  
1520  1060  
1518  1067  
1514  1073  
1506  1079  
1495  1085  
1476  1090  
1434  1098  
1400  1103  
1363  1106  
1325  1109  
1284  1109  
1227  1106  
1197  1102  
1174  1097  
1159  1093  
1152  1090  
1152  1084  
1161  1080  
1464  820  
1474  820  
1487  820  
1497  821  
1610  793  
1610  784  
1495  687  
1493  690  
1504  698  
1587  979  

