1614  707  
1607  695  
1599  675  
1594  661  
1589  645  
1585  629  
1582  613  
1579  598  
1576  579  
1574  570  
1572  564  
1572  560  
1572  560  
1574  563  
1577  570  
1580  581  
1583  595  
1587  611  
1592  639  
1594  659  
1596  678  
1597  695  
1596  711  
1592  722  
1584  732  
1576  733  
1567  731  
1557  724  
1546  713  
1532  691  
1524  674  
1517  654  
1511  634  
1506  616  
1501  598  
1494  576  
1490  565  
1486  557  
1485  552  
1485  550  
1486  553  
1489  561  
1493  572  
1498  588  
1503  608  
1513  643  
1521  671  
1529  703  
1536  739  
1543  778  
1546  826  
1543  853  
1537  881  
1529  916  
1519  953  
1506  983  
1468  1013  
1432  1025  
1396  1034  
1363  1041  
1328  1045  
1264  1039  
1223  1026  
1193  1006  
1168  979  
1144  949  
1121  916  
1089  871  
1074  843  
1065  814  
1059  780  
1056  743  
1059  691  
1068  660  
1081  632  
1099  606  
1118  584  
1151  559  
1175  547  
1201  536  
1505  459  
1499  461  
1494  467  
1491  473  
1491  477  
1495  479  
1500  479  
1507  476  
1512  473  
1514  469  
1511  463  
1509  461  
1505  459  
1593  467  
1584  467  
1576  476  
1573  481  
1572  486  
1574  490  
1580  491  
1594  489  
1603  485  
1609  480  
1612  475  
1609  470  
1609  469  
1550  407  
1551  406  
1550  406  
1548  408  
1545  411  
1543  415  
1544  421  
1548  425  
1554  426  
1561  426  

