1424  1243  
1382  1244  
1338  1243  
1296  1240  
1243  1229  
1215  1219  
1192  1207  
1174  1194  
1160  1179  
1154  1155  
1162  1141  
1175  1126  
1494  958  
1497  956  
1502  959  
1510  961  
1517  959  
1577  915  
1493  873  
1544  1124  
1546  1122  
1548  1117  
1554  1101  
1559  1088  
1565  1071  
1572  1052  
1578  1031  
1588  1003  
1616  954  
1644  928  
1672  915  
1694  917  
1709  932  
1719  965  
1720  990  
1718  1013  
1710  1030  
1696  1043  
1673  1053  
1619  1058  
1577  1053  
1541  1044  
1513  1032  
1491  1022  
1464  1011  
1452  1007  
1448  1006  
1450  1009  
1456  1016  
1474  1037  
1488  1056  
1501  1077  
1510  1101  
1516  1127  
1516  1155  
1501  1192  

