1802  525  
1804  533  
1806  543  
1812  561  
1817  576  
1823  593  
1829  611  
1834  628  
1841  656  
1842  673  
1842  688  
1840  702  
1834  713  
1821  723  
1809  725  
1796  723  
1784  718  
1774  709  
1765  697  
1754  676  
1748  661  
1744  644  
1741  627  
1738  609  
1734  583  
1732  567  
1729  554  
1728  543  
1727  535  
1726  528  
1727  527  
1727  526  
1730  528  
1734  534  
1738  544  
1744  565  
1748  582  
1751  601  
1753  621  
1754  641  
1754  670  
1752  688  
1747  703  
1740  714  
1732  721  
1716  723  
1705  718  
1695  709  
1687  697  
1679  683  
1672  667  
1661  639  
1655  619  
1649  599  
1644  580  
1639  563  
1634  542  
1631  531  
1630  524  
1629  520  
1629  520  
1630  526  
1633  537  
1636  552  
1640  571  
1645  594  
1650  620  
1660  665  
1667  700  
1675  739  
1684  779  
1692  815  
1703  859  
1706  892  
1704  937  
1690  987  
1664  1026  
1613  1057  
1578  1069  
1541  1079  
1495  1088  
1438  1095  
1380  1102  
1296  1105  
1240  1103  
1186  1095  
1133  1084  
1078  1071  
1011  1053  
977  1040  
940  1022  
899  986  
866  935  
842  873  
835  847  
830  822  
827  791  
826  754  
830  714  
847  663  
867  631  
896  599  
935  568  
984  539  
1035  513  
1765  415  
1765  416  
1765  416  
1765  416  
1766  417  
1767  417  
1767  415  
1682  417  
1683  415  
1685  419  
1687  420  
1724  346  
1724  347  
1726  348  
1725  352  
1630  563  
1629  559  
1629  559  
1629  559  
1629  561  
1630  564  
1632  574  
1635  583  
1637  596  
1640  610  
1644  625  
1647  642  
1651  668  
1651  683  
1651  698  
1650  710  
1645  718  
1636  722  
1628  721  
1621  716  

