1705  866  
1705  866  
1707  869  
1711  876  
1719  893  
1723  910  
1727  929  
1729  945  
1729  958  
1723  972  
1715  977  
1702  977  
1680  970  
1648  957  
1608  940  
1568  915  
1556  906  
1552  902  
1551  902  
1552  907  
1557  925  
1561  941  
1562  954  
1563  963  
1559  969  
1550  970  
1544  968  
1540  965  
1537  964  
1536  963  
1535  963  
1535  964  
1536  965  
1539  968  
1542  973  
1548  981  
1559  997  
1568  1009  
1579  1021  
1593  1033  
1610  1045  
1634  1067  
1647  1083  
1656  1101  
1660  1122  
1658  1145  
1648  1167  
1620  1193  
1591  1206  
1553  1214  
1505  1217  
1449  1212  
1368  1192  
1327  1168  
1295  1137  
1273  1105  
1262  1075  
1272  1039  
1506  785  
1506  795  
1513  796  
1536  795  
1656  765  
1658  757  
1656  750  
1543  669  
1532  666  
1539  674  
1656  805  
1654  804  
1655  804  
1660  810  
1669  819  
1679  828  
1694  843  
1704  854  
1713  865  
1719  876  

