1126  1151  
1470  1012  
1444  1031  
1428  1042  
1417  1046  
1408  1047  
1404  1040  
1408  1021  
1416  1005  
1428  991  
1448  981  
1473  977  
1497  980  
1528  999  
1551  1020  
1574  1041  
1666  1027  
1661  1022  
1654  1015  
1652  1012  
1651  1011  
1651  1011  
1657  1018  
1664  1025  
1670  1032  
1674  1038  
1676  1044  
1674  1051  
1669  1056  
1659  1058  
1646  1058  
1627  1057  
1590  1051  
1572  1046  
1561  1042  
1555  1041  
1551  1040  
1549  1041  
1548  1044  
1547  1047  
1545  1049  
1541  1051  
1535  1054  
1523  1056  
1513  1055  
1503  1053  
1493  1050  
1484  1047  
1476  1045  
1474  1044  
1474  1044  
1474  1045  
1476  1047  
1481  1050  
1490  1060  
1498  1069  
1507  1080  
1517  1093  
1526  1108  
1535  1135  
1537  1154  
1535  1173  
1529  1192  
1518  1209  
1490  1229  
1462  1238  

