1257  508  
1271  503  
1286  510  
1301  528  
1315  557  
1331  605  
1339  632  
1347  655  
1353  673  
1358  684  
1361  689  
2167  683  
2171  686  
2171  686  
2166  696  
2148  717  
2109  743  
2055  769  
1949  805  
1864  831  
1774  851  
1692  862  
1607  879  
1503  918  
1447  933  
1402  937  
1380  934  
1370  923  
1368  906  
1378  876  
1398  855  
1431  832  
1471  808  
1507  785  
1548  758  
1564  750  
1571  747  
1571  747  
1563  752  
1531  773  
1497  794  
1450  817  
1397  836  
1349  851  
1291  869  
1193  928  
1142  966  
1084  993  
1035  1015  
1006  1030  
985  1041  
980  1044  
980  1049  
980  1059  
976  1074  
953  1104  
926  1127  
890  1151  
851  1173  
814  1191  
781  1201  
740  1199  
723  1181  
718  1150  
727  1105  
751  1058  
803  978  
847  905  
877  874  
1369  464  
1380  462  
1392  471  
1404  492  
1422  539  
1434  571  
1441  601  
1444  615  
2091  768  

