1812  808  
1808  811  
1798  814  
1771  819  
1748  823  
1725  826  
1701  828  
1673  830  
1639  833  
1583  839  
1552  844  
1524  848  
1495  849  
1462  847  
1420  840  
1399  833  
1384  825  
1373  816  
1365  806  
1360  794  
1353  775  
1350  762  
1347  751  
1345  743  
1345  739  
1344  736  
1344  736  
1344  739  
1345  747  
1348  761  
1353  790  
1356  808  
1359  823  
1359  834  
1359  843  
1357  849  
1353  852  
1348  851  
1341  847  
1333  840  
1325  832  
1313  817  
1306  805  
1301  792  
1297  778  
1294  764  
1293  747  
1293  741  
1292  738  
1292  738  
1292  741  
1294  750  
1295  774  
1297  792  
1297  807  
1297  818  
1295  826  
1291  833  
1288  834  
1286  834  
1282  830  
1279  824  
1273  809  
1269  795  
1265  780  
1261  764  
1257  751  
1255  742  
1253  737  
1253  736  
1253  738  
1254  745  
1256  760  
1262  788  
1267  807  
1274  825  
1280  842  
1287  862  
1291  910  
1286  954  
1274  990  
1256  1014  
1234  1027  
1212  1035  
1177  1041  
1150  1041  
1117  1041  
1081  1037  
1051  1031  
1017  1020  
1001  1009  
987  989  
972  957  
955  918  
934  869  
929  849  
929  831  
935  812  
944  792  
956  770  
979  740  
997  721  
1270  636  
1269  634  
1271  635  
1270  635  
1269  638  
1268  641  
1268  644  
1270  647  
1273  649  
1277  649  
1278  649  
1278  648  

