1910  840  
1907  849  
1902  856  
1897  860  
1889  861  
1884  859  
1880  855  
1877  847  
1873  838  
1868  821  
1865  806  
1863  790  
1860  772  
1858  757  
1857  741  
1857  736  
1856  735  
1856  737  
1858  744  
1859  757  
1860  783  
1860  802  
1858  818  
1855  834  
1852  847  
1844  864  
1837  872  
1830  877  
1822  878  
1814  876  
1807  871  
1798  857  
1794  845  
1792  830  
1792  814  
1792  796  
1791  766  
1790  750  
1788  739  
1787  733  
1787  731  
1787  735  
1786  744  
1786  757  
1785  774  
1785  792  
1784  809  
1781  832  
1777  844  
1769  855  
1757  865  
1742  872  
1716  876  
1691  876  
1652  876  
1602  881  
1559  890  
1507  903  
1463  908  
1418  908  
1384  906  
1360  902  
1338  899  
1303  895  
1282  891  
1272  886  
1792  617  
1792  619  
1786  620  
1781  622  
1776  625  
1775  627  
1775  629  
1779  630  
1784  630  
1792  629  
1796  627  
1799  624  
1799  622  
1798  621  
1796  620  
1790  620  
1788  621  
1788  622  
1789  623  
1791  625  
1797  625  
1888  618  
1886  620  
1883  619  
1882  620  
1880  621  
1879  622  
1879  623  
1881  625  
1884  625  
1888  625  
1893  624  
1894  622  
1894  621  
1890  619  
1885  619  
1881  619  
1877  619  
1877  619  
1880  620  
1883  621  
1886  621  
1887  622  
1887  621  
1887  618  
1841  562  
1840  560  
1841  559  
1840  559  
1839  559  
1837  561  
1836  563  
1836  566  
1837  566  
1839  567  
1840  567  
1841  566  
1841  565  
1840  562  
1838  561  
1835  561  
1833  561  
1832  561  
1832  561  
1834  564  
1835  563  
1881  841  
1881  843  
1876  846  
1867  849  
1851  852  
1817  857  
1789  858  
1761  859  
1737  859  
1715  856  
1680  852  

