1722  887  
1720  902  
1714  908  
1704  909  
1685  902  
1657  890  
1612  874  
1593  866  
1582  858  
1575  850  
1570  843  
1567  838  
1566  834  
1569  833  
1573  833  
1578  836  
1585  840  
1599  850  
1610  860  
1623  871  
1634  886  
1643  904  
1647  932  
1643  946  
1632  957  
1612  962  
1588  961  
1565  954  
1535  934  
1519  919  
1504  903  
1488  889  
1471  878  
1449  863  
1439  855  
1433  850  
1432  848  
1432  848  
1439  854  
1450  862  
1466  872  
1483  883  
1500  896  
1514  916  
1532  962  
1544  998  
1554  1028  
1562  1052  
1567  1073  
1564  1106  
1554  1128  
1538  1148  
1515  1163  
1483  1173  
1418  1171  
1370  1159  
1321  1139  
1271  1115  
1226  1089  
1190  1063  
1160  1023  
1156  994  
1164  961  
1180  921  
1504  700  
1508  706  
1516  711  
1525  713  
1538  712  
1543  709  
1643  683  
1646  681  
1647  676  
1644  671  
1514  602  
1511  602  
1518  610  
1529  619  
1647  901  
1643  893  
1647  900  
1653  916  
1663  956  
1669  983  
1674  1006  
1675  1020  

