1542  1106  
1459  1116  
1408  1122  
1369  1128  
1339  1132  
1317  1136  
1298  1138  
1296  1135  
1553  996  
1550  1014  
1545  1026  
1544  1033  
1544  1037  
1544  1038  
1543  1034  
1542  1027  
1541  1016  
1541  1001  
1544  977  
1548  965  
1554  956  
1562  953  
1576  953  
1620  960  
1656  965  
1685  972  
1852  1023  
1853  1023  
1854  1023  
1856  1025  
1858  1026  
1859  1026  
1861  1026  
1862  1027  
1863  1027  
1864  1027  
1864  1028  
1864  1030  
1864  1033  
1863  1037  
1859  1045  
1854  1051  
1847  1060  
1839  1070  
1830  1080  
1817  1091  
1809  1097  
1802  1103  
1795  1108  
1791  1111  
1788  1113  
1788  1113  
1792  1115  
1795  1114  
1482  1251  
1479  1251  
1484  1249  
1504  1241  
1523  1232  
1546  1221  
1571  1208  
1598  1192  
1642  1167  
1671  1152  
1697  1140  
1719  1131  
1737  1123  
1751  1118  
1757  1116  
1753  1116  
1740  1118  
1719  1120  
1691  1123  
1635  1125  
1590  1127  
1538  1131  
1479  1136  
1415  1143  
1331  1153  
1282  1159  
1237  1162  
1197  1163  
1162  1162  
1136  1157  

