1472  956  
1475  956  
1480  959  
1686  823  
1684  821  
1685  822  
1685  822  
1685  822  
1688  822  
1688  822  
1688  822  
1688  822  
1688  822  
1688  823  
1689  823  
1691  825  
1694  827  
1698  830  
1702  834  
1710  841  
1715  848  
1721  857  
1727  867  
1732  880  
1740  905  
1746  926  
1752  947  
1758  968  
1764  987  
1769  1003  
1775  1024  
1776  1036  
1776  1047  
1773  1056  
1766  1065  
1751  1076  
1737  1082  
1719  1086  
1698  1089  
1674  1092  
1634  1093  
1609  1093  

