1144  820  
1124  820  
1116  821  
1112  825  
1111  826  
1233  595  
1231  593  
1234  596  
1236  597  
1239  600  
1246  606  
1252  611  
1259  616  
1267  623  
1276  632  
1286  644  
1305  665  
1319  681  
1334  699  
1350  719  
1365  741  
1391  776  
1410  799  
1430  819  
1452  836  
1473  852  
1499  872  
1512  883  
1521  894  
1529  905  
1535  915  
1540  925  
1543  936  
1543  941  
1543  944  
1541  946  
1535  947  
1519  947  
1502  945  
1476  944  
1441  943  
1405  941  
1357  936  
1316  933  
1260  930  
1213  930  
1184  930  
1162  930  
1130  931  
1108  931  
1090  932  
1079  933  
1076  934  
1080  939  
1086  940  
1727  850  
1730  852  
1726  849  
1720  848  
1711  846  
1699  845  
1683  843  
1651  842  
1624  842  
1595  844  

