2210  833  
2189  839  
2161  845  
2125  850  
2083  850  
1989  851  
1917  863  
1845  878  
1766  885  
1687  884  
1565  894  
1503  902  
1442  897  
1388  882  
1349  859  
1285  828  
1248  809  
1219  789  
1196  765  
1175  741  
1155  720  
1132  699  
1125  693  
1124  692  
1128  697  
1138  707  
1165  734  
1188  757  
1211  783  
1232  807  
1253  828  
1273  848  
1296  889  
1304  930  
1302  972  
1289  1004  
1267  1026  
1224  1043  
1194  1049  
1159  1054  
1112  1059  
1060  1065  
993  1072  
950  1076  
905  1076  
866  1076  
836  1075  
812  1074  
781  1073  
765  1072  
756  1072  
752  1072  

