1487  1028  
1482  1028  
1481  1028  
1482  1029  
1482  1030  
1486  1032  
1678  815  
1677  813  
1680  819  
1682  824  
1684  830  
1687  836  
1690  842  
1696  860  
1701  878  
1706  902  
1710  932  
1713  963  
1715  1004  
1716  1022  
1716  1036  
1717  1048  
1717  1057  
1715  1067  
1713  1071  
1707  1075  
1697  1078  
1681  1081  
1661  1083  
1621  1084  
1589  1084  
1557  1084  
1527  1084  
1502  1084  
1472  1085  
1456  1088  
1445  1091  
1439  1094  
1696  841  
1689  839  
1689  839  
1692  839  
1703  843  
1714  847  
1728  853  
1744  861  
1763  871  
1783  882  
1807  900  
1819  915  
1825  930  
1824  945  
1814  959  

