1029  979  
953  1036  
876  1075  
792  1137  
752  1181  
729  1218  
728  1244  
745  1263  
801  1279  
855  1280  
919  1273  
993  1259  
1081  1239  
1221  1204  
1307  1180  
1389  1157  
1472  1135  
1547  1115  
1608  1098  
1679  1076  
1710  1060  
1726  1041  
1727  1029  
979  510  
977  502  
982  498  
996  496  
1007  493  
1011  494  
1445  528  
1445  523  
1453  520  
1469  520  
1490  522  
1518  527  
1571  537  
1613  548  
1657  562  
1704  582  
1748  606  
1804  648  
1834  681  
1856  718  
1868  758  
1869  798  
1847  848  
1810  876  
1764  903  
1720  932  
1664  964  
1593  986  
1525  993  
1493  988  

