1091  678  
1093  673  
1094  671  
1095  675  
1094  684  
1093  691  
2354  746  
2354  746  
2335  751  
2309  758  
2275  768  
2232  778  
2181  788  
2125  796  
2030  804  
1956  813  
1874  826  
1782  837  
1690  839  
1555  854  
1464  869  
1382  871  
1308  868  
1234  874  
1161  894  
1121  901  
1082  899  
1068  896  
1153  855  
1101  866  
1064  870  
1029  870  
997  865  
935  855  
887  851  
850  848  
823  843  
799  832  
775  805  
776  778  
792  747  
822  716  
864  688  
917  666  
1013  641  
1084  633  
1154  631  
1217  637  
1270  649  
1326  676  
1346  698  
1351  722  
1340  751  
1312  783  
1237  828  
1176  866  
1104  917  

