1569  848  
1545  852  
1503  859  
1467  861  
1428  862  
1396  860  
1372  856  
1352  852  
1321  846  
1300  844  
1283  842  
1271  840  
1262  837  
1254  832  
1251  829  
1249  824  
1247  819  
1245  813  
1241  802  
1238  793  
1235  782  
1234  770  
1234  756  
1234  743  
1236  725  
1236  715  
1237  708  
1237  702  
1237  698  
1237  696  
1237  696  
1237  696  
1237  700  
1237  706  
1237  720  
1237  731  
1237  745  
1239  759  
1240  773  
1243  786  
1247  804  
1247  814  
1248  823  
1246  830  
1243  837  
1236  847  
1229  853  
1221  859  
1211  865  
1200  870  
1181  877  
1167  880  
1149  884  
1128  885  
1102  885  
1076  884  
1048  880  
1035  877  
1025  875  
1019  873  
1015  872  
1013  872  
1013  872  
1013  874  
1015  876  
1019  876  
1849  701  
1847  702  
1851  705  
1857  711  
1865  715  
1873  721  
1882  728  
1889  736  
1894  751  
1894  762  
1893  774  
1887  785  
1879  794  
1861  806  
1844  813  
1823  817  
1800  819  
1778  819  
1757  816  
1732  810  
1720  805  
1712  802  
1708  800  
1708  799  
1708  801  
1709  802  
1254  518  
1254  519  
1253  516  
1256  517  

